Mixture	celltype 1	celltype 2	celltype 3	celltype 4	celltype 5	celltype 6	celltype 7	celltype 8	P-value	Correlation	RMSE	Absolute score (sig.score)
ID1	0.971020920249126	0.106574607707562	0	0	0	0.00938661787029813	0	0	0	0.995466684745282	0.162272972778888	1.08698214582699
ID2	0.248511225559432	0.23121172375126	0.239450471374666	0.343559202807462	0	0	0	0	0	0.982664263232908	0.5156477309338	1.06273262349282
ID3	0.090015266012314	0.722492160563152	0.0783571155489417	0	0.00676441254620082	0	0	0.00631102846563414	0	0.993911360453721	0.372604809260505	0.903939983136243
ID4	0.0681436507722687	0.722738806558253	0.0248806537030558	0	0.0654704845897373	0	0	0	0	0.992281768472091	0.372916027409549	0.881233595623315
ID5	0.560685392359705	0.068688480947211	0.0745627409223366	0.414899728555708	0	0.0176974263244538	0	0	0	0.992692317903291	0.320287508976431	1.13653376910941
ID6	0.163680899473086	0.0599322793870315	0.269245315324397	0.596936259380276	0	0.0427465059447668	0	0	0	0.989609449240914	0.437288790004929	1.13254125950956
ID7	0.831039139495226	0.223568769976323	0	0	0	0	0	0	0	0.99531972651492	0.10917463363253	1.05460790947155
ID8	0.937464174737814	0.146406721838031	0	0	0	0	0	0	0	0.995887232621931	0.141994371010469	1.08387089657584
ID9	0.445578001296531	0.538799477403499	0	0	0	0	0	0.0039012961947536	0	0.994763733440705	0.229778856988746	0.988278774894783
ID10	0.546723407591772	0.459547102171718	0	0	0	0	0	0	0	0.995654414313694	0.179116132261814	1.00627050976349
ID11	1.01596785861834	0.0545807664757614	0	0	0	0.0422972296685592	0	0	0	0.996860376386168	0.160714555716706	1.11284585476266
ID12	0.639099668534638	0.0961573545175832	0.163932602770441	0.0953126399231528	0.00052506454238601	0.0724088504820311	0	0	0	0.993695043609546	0.247299953169202	1.06743618077023
ID13	1.07884496544182	0	0	0	0.000642448186435525	0.0242981878701134	0	0.00175803093151154	0	0.99641902625124	0.219772998616032	1.10554363242988
ID14	1.03439241472279	0.0124227534153473	0	0	0.0138571668482572	0.0119340941997753	0	0.034705708758461	0	0.997049059830684	0.176899193575607	1.10731213794463
ID15	0.955986685305083	0.122784580303769	0	0	0	0	0	0	0	0.995919949127434	0.156319515954326	1.07877126560885
ID16	0.0216554391221448	0.204398316184955	0.656953139858248	0	0	0	0	0	0	0.989165752728765	0.443347645491064	0.883006895165348
ID17	0.401943262366348	0.431111902887531	0.140100776537636	0	0	0	0	0	0	0.990636482796029	0.319330442226814	0.973155941791515
ID18	1.10528464095767	0	0	0	0	0.0119292446041609	0	0.00272272066338827	0	0.996059743537151	0.233752531517303	1.11993660622522
ID19	0.484416578347247	0.0164527787533338	0.0848424010377885	0	0.187810575691868	0.23200660623525	0	0	0	0.991350401775531	0.337803576155903	1.00552894006549
ID20	0.56644198930007	0.0122539534002694	0.434107583215937	0	0	0	0	0	0	0.992938523552977	0.250280744979709	1.01280352591628
ID21	0.776373711414586	0.0368086284825073	0.200762484336485	0.0555267539796503	0	0	0	0	0	0.99404542831432	0.135680902218367	1.06947157821323
ID22	0.897222768592213	0	0.0912486019533098	0	0	0.11621248498393	0	0.000722899114182069	0	0.995098940290934	0.0989682931144452	1.10540675464364
ID23	0.285718496728323	0.515116998117896	0.0958966362253291	0	0	0.0458698085193651	0	0.00975663281709697	0	0.992375437262369	0.375767706747235	0.95235857240801
ID24	0.216081869583036	0.25745383239767	0	0.683870354245013	0	0	0	0	0	0.991957684438976	0.328748150826013	1.15740605622572
ID25	0.718173541255104	0.0469294571938914	0.261876264215106	0.0146141350079762	0	0	0	0	0	0.99405893640239	0.155368696331388	1.04159339767208
ID26	0.0849979834241188	0.520373249243862	0.28339003163953	0	0	0	0	0	0	0.986725413059763	0.48522536847094	0.888761264307511
ID27	0.783235783833937	0.228240563041225	0.0280670700560727	0	0.00916317987965592	0	0	0	0	0.994886944062734	0.106902261415301	1.04870659681089
ID28	0.605057568325628	0.331159621805023	0.0795488168903508	0	0	0	0	0	0	0.993940665260972	0.183553260348275	1.015766007021
ID29	0.304968244307196	0.481738025460456	0.0287637443485867	0.0228481653154168	0.0896035812358665	0	0	0	0	0.992111942410774	0.352061371445431	0.927921760667522
ID30	0.791357640528577	0	0.0687883602400215	0.159734949777642	0	0.0813910702263796	0	0	0	0.994238903601328	0.152979577658263	1.10127202077262
ID31	0.879169621079182	0.172916222135564	0	0	0	0.0160416460397716	0	0.0269605746719588	0	0.995940697365745	0.0998965521972944	1.09508806392648
ID32	0.0705387249008079	0.0178002171687305	0.78806283495528	0.0666359236022178	0.00434483007138824	0	0	0	0	0.991039599972828	0.390597219127093	0.947382530698425
ID33	0.44972736135404	0.437162789010951	0.0665350677595661	0.0268216540889114	0	0.00827396632583513	0	0.00364171349686593	0	0.991802955934051	0.283124673763464	0.992162552036169
ID34	0.471533169453594	0.360210849968994	0.00586020683445066	0.154308626827965	0.0327205830388079	0	0	0	0	0.99045874265508	0.306159426533199	1.02463343612381
ID35	0.170004290553638	0.213445811486465	0.169539461528519	0.288070130617295	0.16269046339465	0.00394682130049376	0	0.0205962689303702	0	0.983363570206762	0.575815537068985	1.02829324781143
ID36	0.783158665013337	0.176876270319138	0.0859433679359025	0	0	0	0	0	0	0.994983511766799	0.106453783662304	1.04597830326838
ID37	0.186312028882153	0.702317887330042	0	0	0.0109048486412494	0.0229586363987538	0	0.0063421112373379	0	0.992846035691416	0.33242042008959	0.928835512489536
ID38	0.95505628732249	0.0685660028959131	0	0.119214582692255	0	0	0	0	0	0.994772081910349	0.109939886193256	1.14283687291066
ID39	0.3501854807331	0.601093812265807	0	0	0	0	0	0	0	0.99427054859699	0.264854678200653	0.951279292998908
ID40	0.375438358377057	0.0961740446996718	0.409589485815689	0.142123037541706	0.00194483970938767	0	0	0	0	0.98579844378602	0.447821062093558	1.02526976614351
ID41	0.318735799640313	0.636574956280433	0	0	0	0	0	0.00157145739746601	0	0.993600542625327	0.279092064774275	0.956882213318213
ID42	0.191488097345325	0	0.533643882209027	0.219756535199947	0.0626782923883362	0	0	0	0	0.982692933034429	0.524480343886632	1.00756680714264
ID43	0.327194282470177	0.415764751720366	0.0399231113569685	0.0766360502683745	0.105131491323882	0	0	0	0	0.991685262321049	0.383041831676343	0.964649687139769
ID44	0.434342741948741	0.545587990334237	0	0	0	0	0	0	0	0.994178026844589	0.234386885767324	0.979930732282978
ID45	0.560703797563232	0.43941873009945	0	0	0	0	0	0	0	0.994095523346368	0.177500015260613	1.00012252766268
ID46	0.0857861372012375	0.426523964150884	0.260398000751774	0	0	0.187472835281192	0	0	0	0.984091673961907	0.567769544487402	0.960180937385088
ID47	1.11197101052649	0	0	0	0	0.00944033384634383	0	0	0	0.995412088801369	0.242022674908471	1.12141134437283
ID48	0.788823473331505	0.215032930555617	0.0425030480798643	0	0	0	0	0	0	0.995166930778395	0.103438815992369	1.04635945196699
ID49	0.170468592509464	0.531918188354397	0.196953621197604	0.0428983501957858	0	0	0	0	0	0.988162896303402	0.459888283393043	0.942238752257251
ID50	0.715117180179572	0.146301165496815	0.00705839965853517	0.238315929878602	0	0	0	0	0	0.992437508126867	0.193144045577668	1.10679267521352
ID51	0.0827275485516901	0	0.608700453373491	0.284677373460057	0	0.0673371808822125	0	0.0382035138972245	0	0.985676765599742	0.542806157952082	1.08164607016467
ID52	1.01479905250893	0.0421386464270786	0	0	0.0118666820398729	0.0185467106060589	0	0.00631650662842699	0	0.996190071387359	0.180086612271835	1.09366759821037
ID53	0.566688580467348	0.34024751506681	0	0.00900370950630464	0.0736171524758321	0.0198185214423889	0	0.00192622633490954	0	0.995377550187348	0.199577515831051	1.01130170529359
ID54	0.344670969280891	0.413382820566677	0.0949721834765619	0.174344225781644	0	0	0	0.0060471180399222	0	0.991323609917093	0.408491110921462	1.0334173171457
ID55	0.350471770005136	0.305472669981542	0	0.467193228249591	0	0.00174661156434477	0	0	0	0.991379182088938	0.377920902830194	1.12488427980061
ID56	0.850206383264633	0.0106203659636505	0.167159740978005	0	0	0.04231316267232	0	0	0	0.995382646828267	0.0972551377841165	1.07029965287861
ID57	0	0.164580462100811	0.653464278421797	0.125621083452111	0	0	0	0	0	0.988658116988072	0.488097940657507	0.943665823974719
ID58	0.481254446858804	0.0345586845141018	0.482320910866818	0	0	0.00966552637195992	0	0	0	0.992543831803328	0.309614515037168	1.00779956861168
ID59	0.909123086596886	0.126523719661366	0.0256330471022105	0	0	0	0	0.019188999292445	0	0.995587855064977	0.121100275292137	1.08046885265291
ID60	0.144556997483686	0.590478408719737	0.0406451726344457	0.0448605860817977	0.082115726093709	0.0263294872497721	0	0	0	0.990607132870261	0.434575799997591	0.928986378263148
ID61	0.221206387232202	0.206939443879964	0.0131780918807182	0.371013582454281	0.210743309859118	0	0	0	0	0.984632363678694	0.478376237151104	1.02308081530628
ID62	0.162802482229779	0.0859949278117099	0.34778027860518	0.421139422476479	0	0.0587631093887187	0	0	0	0.98477624068276	0.533734258252928	1.07648022051187
ID63	0.0450432524409184	0.341130977223412	0.513375154676791	0	0	0	0	0	0	0.98742857232553	0.501979290177694	0.899549384341122
ID64	0.755530958020397	0.154166106944853	0.129392369906758	0	0	0	0	0	0	0.994779718957182	0.117200396117234	1.03908943487201
ID65	0.199997847816106	0.237879946215656	0.137088282402772	0.321203217202326	0.0697293499998398	0.0672604432970841	0	0	0	0.981666694353002	0.548927147088893	1.03315908693378
ID66	0.170397027499159	0	0.129102473488682	0.929286849271179	0	0	0	0	0	0.993586422085131	0.238859110644264	1.22878635025902
ID67	0.353630335588547	0.168514892904924	0.419788808673718	0.0118180650624335	0.0223962980363626	0	0	0.0193583582102453	0	0.988231436971826	0.420231619542956	0.995506758476231
ID68	1.04638653811906	0.0479673354530389	0	0	0	0.00841133768115765	0	0.00308903013217806	0	0.995600708179461	0.202131687256776	1.10585424138543
ID69	0.170236573480079	0	0.0732499659103331	0.312669721542606	0.35939687533004	0.070320206174608	0	0	0	0.983601795098265	0.562598484236044	0.985873342437666
ID70	0.396443385784028	0.580482018937228	0	0	0	0	0	8.18555970795698e-05	0	0.993957859949091	0.2511966690265	0.977007260318335
ID71	0.394033697361578	0.576572184649429	0	0.0195261939504011	0	0	0	0.00120058017978507	0	0.993994770339142	0.26390118952605	0.991332656141193
ID72	0.155503892934207	0.546918159471994	0.155362204368287	0.0271600422933196	0.0306362798415376	0	0	0.00693966307822967	0	0.99154845635228	0.44925784197309	0.922520241987575
ID73	0.586424572144119	0.242557220205757	0.170554113093426	0.0107682297817243	0	0	0	0	0	0.99432187571289	0.218183218126217	1.01030413522503
ID74	1.04780234534083	0	0.0481684164538083	0	0	0.0148122709557451	0	0	0	0.995842963254769	0.188449188924875	1.11078303275038
ID75	0.944330565448205	0.0538030237124285	0.064261425587633	0	0	0.0101850439969933	0	0.00442435197537462	0	0.99534759248692	0.138743294368056	1.07700441072063
ID76	0.728553964203771	0.221575425387268	0	0.127660158245798	0	0.000887375491572282	0	0	0	0.99444500609007	0.144528571167249	1.07867692332841
ID77	0.331949349293004	0.144158658282348	0.483229280373741	0	0	0	0	0	0	0.989731337982594	0.400702850690438	0.959337287949094
ID78	0.813333269365404	0.208220323737166	0.0104532950367644	0	0	0.0142354797560719	0	0.0132227851888468	0	0.995579501006656	0.0972219247327741	1.05946515308425
ID79	0.301085980728195	0.123697132104342	0.534381063102119	0.00373225497636241	0	0	0	0	0	0.989918033308403	0.410990536813677	0.962896430911018
ID80	1.06030537198665	0	0.0300975609485009	0	0	0.0194211394704491	0	0	0	0.995889922270488	0.200576825885991	1.1098240724056
ID81	0.429588558610235	0.185749552203062	0.359446823436597	0	0	0	0	0	0	0.990082571283014	0.347932947195334	0.974784934249894
ID82	0.566367028320087	0.308241274551244	0.114473998773672	0.0387006653946072	0	0	0	0	0	0.993212369056924	0.236926796425224	1.02778296703961
ID83	0.798516689027098	0.244540178559579	0	0	0	0	0	0.0116511992348575	0	0.995042852627334	0.103862615194468	1.05470806682153
ID84	1.01872102315612	0	0.0230935188601907	0.0181049234446652	0	0.0466553741724086	0	0.00773057946675727	0	0.994998733743119	0.162706790888571	1.11430541910014
ID85	0.0447268029721682	0.611268130551257	0.225784644456684	0	0	0	0	0	0	0.988201950079798	0.460087547055485	0.881779577980109
ID86	1.09124163062833	0	0.0163877193339786	0	0	0.00501572087498509	0	0.00513332070216229	0	0.995011214064017	0.227695527971218	1.11777839153945
ID87	0.19205052434163	0.019222876708951	0.0367657395025004	0	0.566261657082871	0.000607738440779146	0	0	0	0.983312545243592	0.523957445697866	0.814908536076731
ID88	0.637998336521032	0.38044600103856	0	0	0	0	0	0	0	0.994785833322751	0.14124637729348	1.01844433755959
ID89	1.06372961812289	0	0.014929672761259	0.0297842861240275	0	0	0	0	0	0.995896009350034	0.201503946469901	1.10844357700818
ID90	1.10420468683404	0	0	0	0	0.0174326983618463	0	0.000206739062578035	0	0.996042502849386	0.230840602140896	1.12184412425847
ID91	0.174697836451499	0.553932045960395	0.0911623640696587	0.0616385869821939	0.0413071162618351	0	0	0.0319883327023332	0	0.992719655579505	0.441075099599352	0.954726282427915
ID92	0.461700427880105	0.361984116173507	0.0825837821092891	0.120281097188208	0	0.00245072889642218	0	0	0	0.991366149972994	0.324794472970942	1.02900015224753
ID93	0.281297801575539	0.342729907246388	0.277544810094437	0.0270420646410246	0.0265742758744857	0	0	0.00178712202765769	0	0.98973156202695	0.448959655959434	0.956975981459533
ID94	0.858484795770515	0.186925642318623	0.00475007962520183	0	0	0.0073112269374083	0	0.00836476043649317	0	0.99596341519332	0.104869524099901	1.06583650508824
ID95	0.191938112155118	0.649641983713604	0.0612862473102628	0.00943665888117996	0.00930619472674269	0	0	0.00446241043052705	0	0.990923193441481	0.364318878263933	0.926071607217435
ID96	1.08960422002042	0	0.00225133422108697	0	0	0.0228531151059826	0	0	0	0.995245772301721	0.227536455215319	1.11470866934749
ID97	0.397440179435366	0.2074407687137	0.123094904748611	0.356013331258772	0	0	0	0.0211874023830257	0	0.991459565818136	0.424775767587955	1.10517658653948
ID98	0.828915963493397	0.188833955843305	0	0.00660867506143164	0	0.0202138460854082	0	0.0182758146423588	0	0.995083917201497	0.101898836846341	1.0628482551259
ID99	0.645022082456416	0.376645679224017	0.00550452992317655	0	0	0	0	0	0	0.994828922338018	0.141628324967139	1.02717229160361
ID100	0.451759314711342	0.0775568177014766	0.137972746447839	0.45140517191187	0.00630535696960505	0.00548035798997134	0	0	0	0.991861891687238	0.384161033695262	1.1304797657321
ID101	1.04520489180662	0	0	0.0902639837068257	0	0	0	0	0	0.995780326834923	0.15790681962651	1.13546887551344
ID102	0.570098709062722	0.425884331855604	0.00619058334681693	0	0	0	0	0	0	0.995608516987083	0.167943528259398	1.00217362426514
ID103	1.0153044675956	0.0515559843291132	0	0	0	0.0161290158536242	0	0.00523237804893784	0	0.996134738598704	0.186000620420472	1.08822184582728
ID104	0.340569747565546	0.58376332870616	0	0.0323727427344804	0	0	0	0.011535696554809	0	0.99339059293675	0.29291304228382	0.968241515560995
ID105	0.806677539419282	0.242648766266754	0	0	0	0.00408823425586132	0	0.00366645393959987	0	0.995714344272587	0.0988898890064772	1.0570809938815
ID106	0.394800017079678	0.519438649342102	0.0501799522946427	0	0	0	0	0	0	0.993261108339177	0.27672178201814	0.964418618716422
ID107	0.996827903310037	0	0	0.0414823608241793	0.0414628904215849	0.0275953895217104	0	0.0127825799435279	0	0.995261086096936	0.141573937320914	1.12015112402104
ID108	1.01282888429675	0.0265927412696443	0.0278677855033972	0	0	0.0145131741187998	0	0.0139389413416618	0	0.995929874873754	0.173574414033579	1.09574152653025
ID109	0.0340847090286166	0.304437090918101	0.0921384895865983	0.00962034401721074	0.35018192587791	0.0515587502953489	0	0.0345030111978853	0	0.982773775245895	0.63266050661764	0.876524320921671
ID110	0.0959147653613858	0.652668686697681	0.0320672478430467	0.00564072203575339	0.0968935391938194	0	0	0.0450420060867259	0	0.991108713491217	0.413946712094908	0.928226967218412
ID111	0.630700286258595	0.332471387084938	0	0.0358887933587941	0.0197786204813026	0	0	0.0338737257220208	0	0.994003787740495	0.176404318297689	1.05271281290565
ID112	0.951187949517191	0.120466574960813	0	0	0	0.0129828921055484	0	0.00932841352345075	0	0.995835961074714	0.140253740834932	1.093965830107
ID113	0.43909759417575	0.284317400531112	0.258901331633679	0	0	0	0	0	0	0.990369353340486	0.332840885211462	0.982316326340541
ID114	1.10013124559384	0	0	0	0	0.0230694392441061	0	0.000868636815878671	0	0.996161093115189	0.224139297610599	1.12406932165383
ID115	0.0147809599819743	0.49928844604537	0.204287737575846	0	0.123712749494838	0	0	0	0	0.983740718817533	0.534045919713317	0.842069893098027
ID116	0.117272750675785	0.569040420037204	0	0.193199499654745	0.0213982405204893	0	0	0.202462375555825	0	0.992747537199657	0.457541221785568	1.10337328644405
ID117	0.190482179239269	0.476054064551388	0.183639910000919	0.12758243038196	0	0.0131700735000864	0	0.0064880106623721	0	0.990895923745722	0.4961728723736	0.997416668335994
ID118	0.825062236111406	0.123091980899364	0	0	0.0842722529282691	0.0103254605808785	0	0.0292585557381892	0	0.995069904892664	0.102832834819293	1.07201048625811
ID119	0.26250618084519	0.171810858255945	0.480156387598772	0	0.0169880027596171	0	0	0	0	0.98976293761602	0.439622903237078	0.931461429459525
ID120	0.725714582662528	0.24821441066016	0.049740409316174	0.0299567868006521	0	0	0	0	0	0.99434360136314	0.130293348241053	1.05362618943951
ID121	0.198570590258117	0.223466038012401	0.311564456349495	0.312783922038356	0	0	0	0	0	0.984664837093334	0.544488140287918	1.04638500665837
ID122	0.222886931457057	0.460903186709437	0.164858520813963	0.0720650057472675	0.0410171416441005	3.74241177484261e-05	0	0.0120377250241648	0	0.989036770194138	0.469219354771656	0.973805935513738
ID123	0.954410243759916	0.0603399454666684	0.00645438359667144	0.112824542533718	0	0	0	0	0	0.994024141492523	0.118670600212614	1.13402911535697
ID124	0.735700378394552	0.194707908619691	0	0.0917003251813326	0.00394846819201643	0.0447974107875966	0	0	0	0.993626533349256	0.145408258351608	1.07085449117519
ID125	0.52879162106495	0.471211081516529	0	0.0243576465759227	0	0	0	0	0	0.993921483074523	0.209416457449446	1.0243603491574
ID126	0.164493006151455	0.0252686964509025	0.284592382389006	0.184115171138467	0.148311734564895	0.202558855749469	0	0	0	0.977927004789993	0.627724022510272	1.00933984644419
ID127	0.490251135468782	0.232503356284537	0.274348876346663	0	0.00275976205930453	0	0	0	0	0.991503599719893	0.304023166152567	0.999863130159286
ID128	0.892827941590456	0.138498729666439	0.00786722526123713	0.0179836839377612	0	0.0189213088946845	0	0.00490407761271397	0	0.995216504940361	0.113660086595518	1.08100296696329
ID129	0.637564527667079	0.269224368858622	0.129435259042589	0.0182478327316195	0	0	0.0017145141532819	0	0	0.994666397298963	0.193267584621755	1.05618650245319
ID130	0.0956618626457009	0.651025659400605	0.111639836258078	0.081002018778033	0	0	0	0.00569382891176392	0	0.990286478893527	0.439689343912289	0.945023205994181
ID131	0.241034486594031	0.455493777250595	0.241129372467999	0.00984222809521384	0	0.0010770784586811	0	0	0	0.989091338779223	0.436847992120954	0.94857694286652
ID132	1.09685087569711	0	0	0	0	0.0143946659820132	0	0.00925851095731746	0	0.995659651156378	0.227263148108054	1.12050405263644
ID133	0.454274557243371	0.142682563688538	0.386679732558581	0	0	0	0	0	0	0.990393035046045	0.332369245958186	0.983636853490489
ID134	0.81026955070961	0.123514910080206	0.0818484435602005	0	0	0.0465589154945473	0	0	0	0.994378882789545	0.108860156524632	1.06219181984456
ID135	0.137680027944861	0.736339521478108	0.0246884829321874	0	0	0	0	0.00430806136707857	0	0.99253633452541	0.332874631295742	0.903016093722235
ID136	0.643269013131787	0.268615240866542	0.106002328436994	0	0	0	0	0	0	0.994168720911996	0.167358293071404	1.01788658243532
ID137	0.444786071746183	0.536240818538383	0	0	0	0	0	0	0	0.995645490883117	0.224699464044664	0.981026890284566
ID138	0.452664013263157	0.504055844765178	0.014278349647577	0	0	0	0	0.00240691266218624	0	0.994463267131043	0.230503255941637	0.973405120338098
ID139	0.175384665979274	0.0253208689854479	0.0631374082696249	0	0.0657315551143339	0.488616126222117	0.209412747490585	0.183741888000776	0	0.987913067636854	0.548759012237257	1.21134526006216
ID140	0.0375406867051058	0.833910652521301	0	0	0	0	0	0.00829323011404157	0	0.992503100229436	0.314288476122538	0.879744569340448
ID141	1.12142536830037	0	0	0	0	0.00891936553766791	0	0	0	0.995501917715053	0.242161817803189	1.13034473383804
ID142	0.136369858154173	0.41324189873993	0.111518569937272	0.348855445656611	0	0.0446755286577469	0	0	0	0.989251793411885	0.508583665989437	1.05466130114573
ID143	1.08305152675089	0	0	0	0	0.0167026521859618	0	0.00418843151025922	0	0.996230233051548	0.226492266502829	1.10394261044711
ID144	0.0861237451589043	0.526602044077167	0.251133415888128	0.00524098963668044	0.0232021434490111	0	0	0.0295432972015254	0	0.98641044141431	0.499857190977543	0.921845635411416
ID145	0.590387336102033	0.253264760026212	0.0267715275658626	0.134356446942362	0	0.0548388880611307	0	0	0	0.992671115411643	0.253720826278791	1.0596189586976
ID146	0.306766840401973	0.485213877467578	0.0044125506557226	0	0.113685684062738	0	0	0	0	0.992185558614001	0.333457232147862	0.910078952588012
ID147	0.961155902431825	0.117984832052344	0	0	0	0.00261469942321834	0	0.000790688734994621	0	0.995887627958029	0.156914279768112	1.08254612264238
ID148	0.413810236901928	0.108319430731808	0.455015376814735	0.00545137865994804	0	0	0	0	0	0.991348534459832	0.355980550813101	0.982596423108419
ID149	0.84913987298169	0.218686651217426	0	0	0	0.00173246259138128	0	0	0	0.995471632765208	0.109222206218009	1.0695589867905
ID150	0.167503797159653	0.476633035892381	0.279105122832193	0	0	0	0	0	0	0.985867254594702	0.469586765161745	0.923241955884228
ID151	0.829952497015197	0.140140888340027	0.011587744802532	0.120402433276768	0	0	0	0	0	0.996278899750659	0.0926863974767021	1.10208356343452
ID152	0.289592951740619	0.379279976555918	0.281278075232105	0.00811228243896877	0	0	0	0	0	0.991732104763239	0.422488305877097	0.958263285967611
ID153	0.432814051318802	0.0672209098649075	0.277609728738567	0.26100329369104	0.0266639529243375	0	0	0	0	0.99043696722696	0.426798145849437	1.06531193653765
ID154	0.0545419000580738	0.397602540074014	0.401488216643753	0	0	0.0664056611006555	0	0	0	0.985092158930358	0.548350611945351	0.920038317876496
ID155	0.342696171766439	0.434966046571576	0.0608247682428715	0.108240363764058	0	0.0283706022245011	0.0770275853471585	0.00412787567946662	0	0.990474812558426	0.432770178735752	1.05625341359607
ID156	0.674453184955323	0.179005574715865	0	0.172727285122758	0.0718066685128407	0	0	0	0	0.99435030086604	0.201571811048604	1.09799271330679
ID157	0.0258064776482692	0.627107893760991	0.170158895125467	0	0.0444987852505882	0.0083476141557266	0	0	0	0.99019409775969	0.461989806248104	0.875919665941042
ID158	0.466374984688671	0.523332385364311	0	0	0	0	0	0.00351764507508007	0	0.993975974521658	0.2236756257438	0.993225015128061
ID159	0.30440375681593	0.406476581205758	0.168516201184732	0.125254005202796	0	0.005843313127469	0	0.000790181911063549	0	0.991322164834081	0.442024438899925	1.01128403944775
ID160	0.912570226259153	0.13750284915156	0.00972592864640962	0	0	0.00888923300329303	0	0.00449354120288977	0	0.995422268701217	0.131412094702679	1.07318177826331
ID161	1.00853482175239	0.0538808463131526	0	0.0444519167491327	0	0.0213670589533503	0	0	0	0.995566836359422	0.146276673744651	1.12823464376802
ID162	0.862969963989683	0.145909750717141	0	0	0	0.056867812337359	0	0.0180621431855706	0	0.995901838309386	0.0943192174101566	1.08380967022975
ID163	0.958034828784395	0	0	0.180117470730756	0	0	0	0	0	0.994293880457371	0.114000753844732	1.13815229951515
ID164	0.394634170952682	0.562361996731001	0	0	0	0	0	0.0143633494934196	0	0.994430520578935	0.253093320847225	0.971359517177102
ID165	0.146600531836065	0.0662032833840996	0.707141141760111	0	0	0	0	0	0	0.989364786763535	0.39787783311785	0.919944956980276
ID166	1.04468808445719	0.0407993443980367	0	0	0	0.0180083499258324	0	0.00680418675800279	0	0.995860465682485	0.193550958764684	1.11029996553907
ID167	0.357153984540453	0.583262001243797	0	0	0	0	0	0.00839357115506585	0	0.993697105544858	0.265680799383525	0.948809556939317
ID168	0.443253939952349	0.397447361221779	0.118496655263554	0	0.0110548911143101	0	0	0	0	0.990850223445541	0.291304070765224	0.970252847551991
ID169	1.06798924319034	0	0.0207088866105867	0	0	0.00585693791699704	0	0.00379321772507094	0	0.995999120577406	0.218295354989193	1.09834828544299
ID170	0.387807541030263	0.227489096368532	0.309026697602712	0.0788725688181243	0	0	0	0	0	0.988700948422375	0.413802333373764	1.00319590381963
ID171	0.148248513642162	0.236702212131032	0.533559966321438	0	0	0	0	0	0	0.987947096002737	0.476357935943175	0.918510692094632
ID172	0.347072600167465	0.259327953429204	0.32778711980521	0.0315625533613701	0	0.023026997478052	0	0	0	0.987022077177824	0.430981937312868	0.988777224241302
ID173	0.949432018719768	0.0927734926758241	0.00881154235368097	0	0	0.010770849348257	0	0.0111119656029129	0	0.995618042076162	0.150720721870598	1.07289986870044
ID174	0.118512911586186	0.0578258751030996	0.737330635158221	0.0106131766617521	0	0	0	0	0	0.992296981470077	0.389826899210546	0.924282598509258
ID175	0.829534693138731	0	0.229076981348319	0	0	0	0	0	0	0.994924866826214	0.104308444240959	1.05861167448705
ID176	0.455367571466249	0.182090201931471	0	0.176813550442028	0.142972375231226	0.0958780756929525	0	0	0	0.990136045039876	0.380421916286054	1.05312177476393
ID177	0.596881869725736	0.417746565104315	0	0	0	0	0	0	0	0.995193419620024	0.157773690780855	1.01462843483005
ID178	0.0869858131773839	0.275634393268444	0.517118888485995	0.0531797724200335	0	0	0	0	0	0.987139627512296	0.522983959314928	0.932918867351857
ID179	0.229559066232549	0.224540985617088	0.484157367719651	0	0	0	0	0	0	0.988218475144578	0.456681639406367	0.938257419569288
ID180	0.88958590373399	0.0588666844362494	0.112102417449241	0.00364521779928159	0	0.00610443911492388	0	0.0100046062859211	0	0.995672551152454	0.101486439094252	1.08030926881961
ID181	0.114696088180066	0	0.524875959941266	0	0.0341008860378555	0.120450765435305	0.246612374266345	0.0731453940249531	0	0.982397165918489	0.596658837868198	1.11388146788579
ID182	0.119455200670417	0.233748017869455	0.00736296528065768	0.473371993314024	0.0454078690706882	0.23514106340452	0	0	0	0.988450250526021	0.479888696043582	1.11448710960976
ID183	0.598819355574452	0.416356071822414	0	0	0	0	0	0	0	0.995269647919425	0.156531643609223	1.01517542739687
ID184	1.11564726300082	0	0	0	0	0.0110736521258948	0	0	0	0.9958854210171	0.238125736307242	1.12672091512671
ID185	0.514562645042804	0.430375735998692	0.0283041602955455	0.0338761890726285	0	0	0	0.0112905278262479	0	0.992640910422288	0.237298315354721	1.01840925823592
ID186	0.569794089772064	0.292067563564581	0.137242869185144	0	0	0.0135862589547327	0	0	0	0.993341066722394	0.225915650476061	1.01269078147652
ID187	1.1037971587091	0	0	0.0253891410631983	0	0	0	0	0	0.994827686994669	0.226835161735903	1.1291862997723
ID188	0.243692860233114	0.313093254184475	0.293099964408513	0.155747265576628	0	0.00263660713161122	0	0.00754301785900171	0	0.988359117488372	0.520342588608599	1.01581296939334
ID189	0.75145589045299	0.17621302710517	0.104024118201885	0	0	0	0	0	0	0.99435211328527	0.118093095846569	1.03169303576005
ID190	1.10879167894005	0	0	0	0	0.00754883178887136	0	0	0	0.996448016024936	0.23873231939274	1.11634051072893
ID191	0.115566342544915	0.663316767541186	0.00275015392639827	0.21309437104045	0	0	0	0.0114936868424653	0	0.990180831557918	0.414066506198023	1.00622132189542
ID192	1.01172720782214	0.0408495144616446	0.0132430258405649	0	0	0.0243204507647766	0	0.0119463044691959	0	0.99638999197666	0.166683284336789	1.10208650335832
ID193	0	0.0280030900985469	0.0684264123234124	0.415348239873514	0.327744941020184	0.182730685139598	0.0414531649295624	0	0	0.988057952121036	0.56014552243471	1.06370653338482
ID194	0.891899188372015	0.016530208728652	0.133244896715673	0	0.00751184326569698	0.0151138936299136	0	0	0	0.995722057531507	0.105915433979934	1.06430003071195
ID195	0.0754651096893897	0.0650789442711003	0.760717704285716	0	0	0	0	0	0	0.990490002337344	0.377235607055722	0.901261758246206
ID196	0.808064060135742	0.207877215634747	0.018890064563387	0	0	0.0116420597903317	0	0	0	0.995365256055902	0.101862998016969	1.04647340012421
ID197	1.10296884275882	0.00804795504926913	0	0	0	0	0	0.000555880841911146	0	0.995991874509876	0.241623127658154	1.11157267865
ID198	0.235306343518163	0.701940085707669	0	0	0	0	0	0	0	0.992882681121825	0.301544153728302	0.937246429225831
ID199	0.548782034421258	0.25285157433192	0.103548937423401	0	0	0.12665998123501	0	0.0244601011352935	0	0.994375983542424	0.277212092272021	1.05630262854688
ID200	0.120341277395224	0.741648692239932	0	0.00231240278506781	0.0123222533627857	0	0	0.0124108724327434	0	0.992541101171208	0.327987636634779	0.889035498215754
