Estmated_Gamma True_Gamma beta
1 1 0.5
0.06 0 0.5
0.7 0 0.5
0.2 0 0.5
1 1 0.5
1 0 0.5
0.06 0 0.5
0.2 0 0.5
0.24 0 0.5
0.1 0 0.5
0.08 0 0.5
0.4 1 0.5
1 0 0.5
1 0 0.5
1 0 0.5
0.6 0 0.5
1 1 0.5
0 0 0.5
0.28 0 0.5
0.76 1 0.5
0 0 0.5
0.2 1 0.5
1 1 0.5
0.12 1 0.5
1 0 0.5
0.1 0 0.5
0.12 0 0.5
0.34 0 0.5
0.92 0 0.5
0.26 0 0.5
1 0 0.5
0.04 0 0.5
0 0 0.5
1 1 0.5
0.42 0 0.5
0.72 0 0.5
0.06 0 0.5
0.9 0 0.5
0.32 0 0.5
0.18 0 0.5
0.74 0 0.5
0.08 0 0.5
0.94 0 0.5
0.18 0 0.5
0.1 0 0.5
0.56 0 0.5
1 1 0.5
0 0 0.5
0.4 0 0.5
0.1 0 0.5
0.06 1 0.5
1 1 0.5
0.08 0 0.5
1 0 0.5
1 0 0.5
1 1 0.5
0.62 0 0.5
0.86 0 0.5
0.12 0 0.5
0.94 0 0.5
0.04 0 0.5
0.04 0 0.5
0.24 0 0.5
0.7 1 0.5
1 0 0.5
1 1 0.5
0.08 0 0.5
0.6 0 0.5
0 0 0.5
1 1 0.5
0.02 0 0.5
0.78 0 0.5
0.9 0 0.5
1 1 0.5
0.88 1 0.5
0 1 0.5
0 0 0.5
0.06 0 0.5
1 0 0.5
0.08 0 0.5
1 1 0.5
0.64 0 0.5
0.98 1 0.5
1 0 0.5
1 0 0.5
0 0 0.5
0.68 0 0.5
0.3 0 0.5
0.02 0 0.5
0.8 0 0.5
1 1 0.5
0.44 0 0.5
0.82 1 0.5
1 1 0.5
0.24 1 0.5
0.1 0 0.5
0.38 0 0.5
0 0 0.5
1 0 0.5
0.7 1 0.5
0 0 0.5
0.12 0 0.5
0.8 1 0.5
0.22 0 0.5
0.06 1 0.5
1 1 0.5
0.82 1 0.5
0.1 0 0.5
0.52 0 0.5
0 0 0.5
1 0 0.5
0.06 0 0.5
0.02 0 0.5
0.36 0 0.5
0.12 0 0.5
0.1 0 0.5
1 1 0.5
0 0 0.5
0.12 0 0.5
0 0 0.5
1 1 0.5
0.78 0 0.5
0 0 0.5
0.34 1 0.5
0.04 0 0.5
0.02 0 0.5
0.38 0 0.5
0.06 0 0.5
0.22 0 0.5
0.42 0 0.5
0.2 0 0.5
0.22 1 0.5
0.02 0 0.5
0 0 0.5
1 1 0.5
0.36 0 0.5
1 0 0.5
0 0 0.5
0.28 0 0.5
0.12 0 0.5
0.76 1 0.5
0.12 0 0.5
0.18 0 0.5
0.64 0 0.5
0.44 0 0.5
1 0 0.5
1 0 0.5
1 1 0.5
1 1 0.5
1 1 0.5
0.24 0 0.5
0.86 0 0.5
0.36 1 0.5
0.04 0 0.5
1 1 0.5
1 1 0.5
0.98 1 0.5
0.7 0 0.5
0.1 0 0.5
0.98 1 0.5
0.14 1 0.5
0.3 0 0.5
1 1 0.5
0 0 0.5
0.52 1 0.5
0.08 0 0.5
1 1 0.5
1 1 0.5
0 0 0.5
0.08 0 0.5
0.02 0 0.5
1 1 0.5
0.8 0 0.5
0.82 0 0.5
0.6 0 0.5
0.96 0 0.5
1 1 0.5
0 0 0.5
0.04 0 0.5
0.94 1 0.5
1 1 0.5
0.94 1 0.5
0.04 1 0.5
0.14 0 0.5
0.42 0 0.5
0.08 0 0.5
0.02 0 0.5
0.16 0 0.5
0.56 0 0.5
1 0 0.5
0.06 0 0.5
0.8 1 0.5
0 0 0.5
1 0 0.5
0.98 1 0.5
0.16 1 0.5
1 0 0.5
0 0 0.5
0.52 1 0.5
0 0 0.5
0 0 0.5
1 1 0.5
1 0 0.5
0.14 0 0.5
0 0 0.5
1 0 0.5
1 0 0.5
1 0 0.5
0.02 0 0.5
1 0 0.5
0.08 0 0.5
0 0 0.5
1 1 0.5
1 1 0.5
0.86 1 0.5
0.16 0 0.5
0.46 1 0.5
0.8 0 0.5
0.96 0 0.5
1 1 0.5
1 1 0.5
0.18 0 0.5
1 0 0.5
0.6 0 0.5
1 0 0.5
0.54 1 0.5
1 0 0.5
0.1 0 0.5
1 1 0.5
0.86 1 0.5
0.12 0 0.5
0.28 0 0.5
0.82 0 0.5
0.92 1 0.5
0.26 0 0.5
0.44 0 0.5
0 0 0.5
0.62 0 0.5
0.82 0 0.5
0.34 0 0.5
0.58 0 0.5
1 0 0.5
0.38 0 0.5
1 0 0.5
0.46 0 0.5
0 0 0.5
1 1 0.5
0.7 0 0.5
0.04 0 0.5
0 0 0.5
0.1 0 0.5
0.04 0 0.5
0.02 0 0.5
1 0 0.5
1 1 0.5
0.06 0 0.5
0.04 0 0.5
0.08 0 0.5
0 0 0.5
0.02 0 0.5
0.9 0 0.5
0.64 0 0.5
0.72 0 0.5
0.66 1 0.5
1 1 0.5
0.06 0 0.5
0.02 0 0.5
1 0 0.5
1 0 0.5
0 0 0.5
0 0 0.5
0 0 0.5
0.96 1 0.5
0.02 0 0.5
1 1 0.5
0.02 0 0.5
1 1 0.5
1 0 0.5
1 1 0.5
1 0 0.5
0.68 0 0.5
1 0 0.5
0 0 0.5
0 0 0.5
0.62 0 0.5
0.88 1 0.5
1 0 0.5
0.06 0 0.5
0.16 0 0.5
0.5 1 0.5
0.56 0 0.5
1 1 0.5
0.98 1 0.5
0.22 0 0.5
1 1 0.5
1 1 0.5
0 0 0.5
0.04 0 0.5
0.92 0 0.5
0.14 0 0.5
1 1 0.5
0 0 0.5
0.6 0 0.5
0.62 0 0.5
0.06 0 0.5
0.62 1 0.5
0 0 0.5
0.22 0 0.5
0.04 0 0.5
0 0 0.5
1 1 0.5
0 0 0.5
0.02 0 0.5
0 0 0.5
0.28 1 0.5
0.16 0 0.5
0.34 1 0.5
0.02 0 0.5
0.2 0 0.5
1 1 0.5
0.02 0 0.5
0.22 0 0.5
1 1 0.5
1 1 0.5
0.3 0 0.5
0.18 0 0.5
0.08 0 0.5
0.84 0 0.5
0.04 0 0.5
0.16 0 0.5
0.1 1 0.5
1 1 0.5
0.66 1 0.5
0.56 0 0.5
1 0 0.5
0.14 0 0.5
1 1 0.5
0.04 0 0.5
0.04 0 0.5
1 1 0.5
0.6 0 0.5
0 0 0.5
1 0 0.5
0.88 1 0.5
0.08 0 0.5
0.42 0 0.5
1 1 0.5
0.04 0 0.5
0 0 0.5
0 0 0.5
0.02 0 0.5
1 0 0.5
1 1 0.5
0 0 0.5
0.28 0 0.5
1 0 0.5
0 0 0.5
0.68 1 0.5
0.9 1 0.5
0.48 0 0.5
0.24 0 0.5
0.04 0 0.5
0.62 0 0.5
0.2 0 0.5
1 0 0.5
1 1 0.5
0.34 0 0.5
0.66 0 0.5
0 0 0.5
1 0 0.5
0 0 0.5
0.22 0 0.5
0.08 0 0.5
0.12 0 0.5
0.28 0 0.5
0.24 0 0.5
0.1 0 0.5
1 0 0.5
0.34 0 0.5
0.14 0 0.5
0 0 0.5
0.02 0 0.5
0.06 0 0.5
0 0 0.5
0.22 0 0.5
1 0 0.5
0 0 0.5
0.22 1 0.5
0 1 0.5
0.86 1 0.5
0.72 0 0.5
0.1 0 0.5
0.14 0 0.5
0.94 0 0.5
0.2 1 0.5
1 1 0.5
0.62 1 0.5
0.06 0 0.5
0.24 0 0.5
0.04 0 0.5
0 0 0.5
0.44 0 0.5
0.84 1 0.5
0.02 0 0.5
1 0 0.5
0.88 0 0.5
0 0 0.5
0.06 0 0.5
0 0 0.5
0.1 0 0.5
0.82 0 0.5
0.8 0 0.5
0.8 0 0.5
0.5 0 0.5
0.24 0 0.5
0.06 0 0.5
1 1 0.5
0.94 0 0.5
1 1 0.5
0.06 0 0.5
0.02 0 0.5
1 1 0.5
0.02 0 0.5
0 0 0.5
0.8 1 0.5
0 0 0.5
1 1 0.5
0.4 0 0.5
0.06 0 0.5
0.06 0 0.5
0.08 0 0.5
0.06 0 0.5
0.64 1 0.5
0.04 0 0.5
1 0 0.5
0 0 0.5
0.68 1 0.5
0.04 0 0.5
0.04 0 0.5
1 0 0.5
0.1 0 0.5
0.98 1 0.5
1 0 0.5
0.1 0 0.5
0.54 1 0.5
1 1 0.5
0.26 0 0.5
0.1 1 0.5
0.72 1 0.5
0 0 0.5
0.7 1 0.5
1 0 0.5
1 0 0.5
0 0 0.5
0.32 0 0.5
1 0 0.5
0.08 0 0.5
0.02 0 0.5
0.04 0 0.5
0.86 0 0.5
1 1 0.5
0.62 0 0.5
0 0 0.5
0 0 0.5
0.38 0 0.5
0.18 0 0.5
0.64 1 0.5
0.1 0 0.5
0 0 0.5
1 1 0.5
0.02 0 0.5
0.64 0 0.5
1 1 0.5
0.1 0 0.5
0.96 0 0.5
0.64 0 0.5
0.18 0 0.5
1 1 0.5
0.24 0 0.5
1 1 0.5
0 0 0.5
0.44 0 0.5
0.04 0 0.5
0.08 0 0.5
0.5 0 0.5
0.08 0 0.5
0 0 0.5
0.04 0 0.5
1 0 0.5
0.86 0 0.5
0.02 0 0.5
0.12 0 0.5
0 0 0.5
0.12 1 0.5
0 0 0.5
0.4 0 0.5
0.2 0 0.5
1 0 0.5
0 0 0.5
1 0 0.5
1 1 1
0.62 0 1
0.8 0 1
0.82 0 1
1 1 1
1 0 1
0.64 0 1
0.1 0 1
1 0 1
0.82 0 1
0.08 0 1
0.86 1 1
1 0 1
1 0 1
1 0 1
0.78 0 1
0.84 1 1
0.38 0 1
0.8 0 1
1 1 1
0.92 0 1
1 1 1
1 1 1
0.84 1 1
1 0 1
0.04 0 1
0.66 0 1
0.2 0 1
1 0 1
0.6 0 1
0.02 0 1
0 0 1
0.62 0 1
1 1 1
0.84 0 1
1 0 1
1 0 1
1 0 1
0.96 0 1
0.62 0 1
1 0 1
0.02 0 1
1 0 1
0.12 0 1
0.88 0 1
0.58 0 1
1 1 1
0.98 0 1
0.64 0 1
0.98 0 1
0.96 1 1
1 1 1
0.6 0 1
0.68 0 1
1 0 1
0.7 1 1
0.76 0 1
1 0 1
0.36 0 1
0.72 0 1
0 0 1
0.28 0 1
0.58 0 1
0.62 1 1
1 0 1
1 1 1
1 0 1
1 0 1
0.08 0 1
1 1 1
0.16 0 1
1 0 1
1 0 1
1 1 1
0.76 1 1
1 1 1
0.3 0 1
0.48 0 1
1 0 1
0.24 0 1
0.82 1 1
1 0 1
1 1 1
1 0 1
1 0 1
0.54 0 1
0.6 0 1
0.24 0 1
0.38 0 1
1 0 1
1 1 1
0.94 0 1
0.54 1 1
1 1 1
0.72 1 1
0.96 0 1
0.7 0 1
0.02 0 1
1 0 1
1 1 1
0.98 0 1
0.38 0 1
0.9 1 1
0.54 0 1
0.78 1 1
1 1 1
1 1 1
0.88 0 1
1 0 1
0.62 0 1
1 0 1
0.8 0 1
0.1 0 1
1 0 1
0.92 0 1
0.12 0 1
0.74 1 1
0.78 0 1
0.34 0 1
0.78 0 1
0.6 1 1
1 0 1
0.12 0 1
0.72 1 1
0.92 0 1
0.4 0 1
0.88 0 1
0.28 0 1
0.62 0 1
1 0 1
1 0 1
0.44 1 1
0.82 0 1
1 0 1
1 1 1
1 0 1
1 0 1
0 0 1
0.72 0 1
0.08 0 1
1 1 1
0.64 0 1
0.38 0 1
0.92 0 1
0.74 0 1
0.88 0 1
1 0 1
0.96 1 1
0.84 1 1
0.82 1 1
1 0 1
1 0 1
0.34 1 1
0.5 0 1
1 1 1
1 1 1
1 1 1
1 0 1
0.04 0 1
1 1 1
0.72 1 1
1 0 1
1 1 1
0.48 0 1
0.48 1 1
0.46 0 1
1 1 1
0.76 1 1
0.88 0 1
0.82 0 1
0.18 0 1
1 1 1
1 0 1
1 0 1
0.08 0 1
1 0 1
1 1 1
0.96 0 1
0.88 0 1
1 1 1
1 1 1
0.9 1 1
0.82 1 1
0 0 1
0.56 0 1
0.92 0 1
0.1 0 1
0.1 0 1
0.14 0 1
1 0 1
0.02 0 1
0.84 1 1
0.5 0 1
1 0 1
0.96 1 1
1 1 1
1 0 1
0.08 0 1
0.86 1 1
0.26 0 1
0.32 0 1
1 1 1
1 0 1
0.04 0 1
0.84 0 1
1 0 1
1 0 1
1 0 1
0.88 0 1
1 0 1
0.16 0 1
0.46 0 1
0.7 1 1
1 1 1
0.76 1 1
1 0 1
0.54 1 1
0.92 0 1
0.98 0 1
1 1 1
0.68 1 1
0.66 0 1
1 0 1
0.92 0 1
1 0 1
0.82 1 1
1 0 1
0.46 0 1
0 1 1
1 1 1
1 0 1
0.66 0 1
0.9 0 1
1 1 1
0.64 0 1
0.12 0 1
0.84 0 1
1 0 1
0.92 0 1
0.94 0 1
1 0 1
1 0 1
0.9 0 1
1 0 1
0.94 0 1
0 0 1
1 1 1
0.72 0 1
0.2 0 1
0.14 0 1
1 0 1
0.62 0 1
0.5 0 1
0.82 0 1
0.86 1 1
0.48 0 1
0.6 0 1
0.32 0 1
0.8 0 1
0.7 0 1
1 0 1
0.96 0 1
1 0 1
0.9 1 1
0.9 1 1
0.86 0 1
0.8 0 1
0.98 0 1
1 0 1
0 0 1
0.1 0 1
0.5 0 1
0.9 1 1
0.04 0 1
1 1 1
0.24 0 1
1 1 1
1 0 1
1 1 1
1 0 1
1 0 1
1 0 1
0.36 0 1
0.04 0 1
1 0 1
1 1 1
1 0 1
1 0 1
0.5 0 1
1 1 1
0.5 0 1
1 1 1
0.86 1 1
1 0 1
1 1 1
1 1 1
0.84 0 1
0.38 0 1
1 0 1
0.18 0 1
1 1 1
0.46 0 1
0.66 0 1
0.06 0 1
0 0 1
0.9 1 1
0.28 0 1
0.96 0 1
0 0 1
0.68 0 1
1 1 1
0.84 0 1
1 0 1
0.54 0 1
1 1 1
0.62 0 1
1 1 1
0.74 0 1
0.32 0 1
1 1 1
0.38 0 1
0.74 0 1
1 1 1
1 1 1
0.92 0 1
0.14 0 1
0.64 0 1
0.62 0 1
0.58 0 1
0 0 1
0.54 1 1
1 1 1
0.68 1 1
1 0 1
1 0 1
0.62 0 1
0.96 1 1
0.18 0 1
0.22 0 1
1 1 1
1 0 1
0.78 0 1
1 0 1
1 1 1
0 0 1
1 0 1
1 1 1
1 0 1
0 0 1
0.26 0 1
0.66 0 1
1 0 1
1 1 1
0.16 0 1
0.58 0 1
1 0 1
0.52 0 1
0.48 1 1
1 1 1
0.9 0 1
0.64 0 1
0.7 0 1
0.86 0 1
0.36 0 1
1 0 1
1 1 1
0.94 0 1
0.72 0 1
0.12 0 1
0.86 0 1
0.48 0 1
0.3 0 1
0.6 0 1
0 0 1
1 0 1
0.94 0 1
0.48 0 1
1 0 1
1 0 1
1 0 1
0 0 1
0.58 0 1
0.32 0 1
0 0 1
0.32 0 1
1 0 1
0.22 0 1
0.54 1 1
0.78 1 1
0.3 1 1
0.84 0 1
0.26 0 1
0.54 0 1
1 0 1
0.66 1 1
0.92 1 1
0.62 1 1
0.02 0 1
0.94 0 1
0.74 0 1
0.32 0 1
0.88 0 1
0 1 1
0.04 0 1
1 0 1
0.98 0 1
0.04 0 1
1 0 1
0.02 0 1
0.52 0 1
1 0 1
0.7 0 1
0.56 0 1
0.46 0 1
0.2 0 1
0.82 0 1
1 1 1
1 0 1
1 1 1
0.8 0 1
0.34 0 1
1 1 1
0.28 0 1
0.08 0 1
1 1 1
0.2 0 1
0.88 1 1
0.06 0 1
0.54 0 1
0.32 0 1
0.3 0 1
0.1 0 1
1 1 1
0.92 0 1
1 0 1
0.12 0 1
1 1 1
0.46 0 1
0.2 0 1
1 0 1
0.54 0 1
1 1 1
1 0 1
0.42 0 1
1 1 1
1 1 1
0.52 0 1
1 1 1
0.4 1 1
0.28 0 1
0.68 1 1
1 0 1
1 0 1
0.34 0 1
0.66 0 1
1 0 1
0.04 0 1
0.28 0 1
0.28 0 1
1 0 1
1 1 1
0.94 0 1
0.32 0 1
0.72 0 1
0.66 0 1
0.76 0 1
1 1 1
0.36 0 1
0.26 0 1
1 1 1
0.58 0 1
1 0 1
1 1 1
0 0 1
1 0 1
0.82 0 1
0.5 0 1
1 1 1
0.64 0 1
1 1 1
0.36 0 1
0.86 0 1
0.1 0 1
0.58 0 1
1 0 1
0.64 0 1
0.4 0 1
0.62 0 1
1 0 1
0.9 0 1
0.74 0 1
0.16 0 1
0.42 0 1
0.66 1 1
0.3 0 1
1 0 1
0.94 0 1
1 0 1
0.36 0 1
1 0 1
