Gene symbol	type1	type2	type3	type4	type5	type6	type7	type8
Gene1	0.562388022938678	3.34017899936886	0.548371875241436	0.550098583969365	1.70400448674198	0.524582552243422	0.57483141628566	0.528757379495777
Gene2	0.154907181487668	0.148485980339554	0.168137831727888	0.160180922792783	0.161948917315402	0.155876634214611	0.160808704871008	0.16209458239532
Gene3	0.278675030663808	0.280876991839811	2.25424274261271	0.267770256089403	0.164498185111159	1.5572213547922	0.276472094598004	1.4283318626571
Gene4	0.160483366077027	0.149430631401292	1.816888991068	0.152571418051761	2.03033473506585	0.158553420661248	0.170177711262779	0.156313492380334
Gene5	0.101059823003327	1.90127812022543	1.90483855787791	1.30379816830547	0.102955338873869	0.894173018409037	0.10086806658953	0.0993079503953771
Gene6	1.06987192112962	1.06424042370722	1.0784796704032	0.987440115680068	1.09011909544535	1.05969500133253	1.05137561121389	2.51975145964288
Gene7	1.30191647326636	0.165452627862502	0.164493716910046	0.162309877010785	0.156521888606969	0.158461482030955	0.170723870375379	0.162370813544408
Gene8	0.161288862537514	0.162990069947413	0.219994206278125	0.158098448389323	0.166966515817469	0.165167156207961	1.91949232203467	0.158405226743341
Gene9	0.187635595794112	0.182623856508141	0.780357498700914	0.197809791252786	0.191832023991009	0.18925497528041	1.51660959710262	0.183520860365954
Gene10	1.53131269609192	0.236907401298341	1.57396900484899	0.245716948972865	0.244756419797729	1.17782409710698	2.45439234379655	0.230511119273456
Gene11	0.367818111447446	0.117562850859136	0.119795309132511	0.115556854570501	0.119639816170462	0.11497280077254	0.112014935891539	0.12071087396462
Gene12	0.116949231540574	1.0204316889179	0.120909512425499	0.116792480397356	0.116071784176191	0.111457731575662	1.08475401339415	0.118238275997438
Gene13	0.989949007130341	1.01035047517223	0.788384589763101	1.02554390659728	2.94061532745268	1.01667443800887	1.0510747334915	1.03229833230136
Gene14	1.12478603624584	1.18970562099154	1.15182262573203	1.18755017636081	0.852839490190856	0.854907457454855	1.19565652860323	1.8969062692472
Gene15	0.48586197321335	0.489962651205288	0.475367645831679	0.248984313223947	0.474838584013983	0.475167430904891	0.497038567155062	0.488664563078803
Gene16	2.13571599772463	0.307728840034148	1.6235596993945	0.303583464171514	0.311122930570677	0.29127486329354	0.312903658698325	2.86674587540308
Gene17	0.16540658798909	0.601396241333865	1.00782744790649	0.15945571441233	0.167568836694816	0.16424346116307	0.166313722978661	0.162658769663303
Gene18	0.121538838871275	0.121135361297954	0.123247103140327	0.12205595800113	0.124331200474582	0.117723427353229	0.119837447653135	2.50340278916272
Gene19	0.197305252250859	0.202598800627221	0.201438237487604	0.197013338528405	0.205557510912807	0.195017564821398	0.189567623329532	0.183503987854272
Gene20	0.867662261417669	1.18051517978729	0.679059265477369	0.681582339001478	0.713130858018708	2.05970595756871	0.72559665342226	0.676045359452447
Gene21	0.44057067299486	0.240001091176963	0.227512644966611	0.247838101500296	0.237715916053561	0.238149308732109	0.239649579839171	1.07939925122334
Gene22	0.13572981131517	0.103891422381689	0.135625614178933	0.13607906372528	0.137477326404057	0.134981151491311	0.141488837965239	1.93221123779717
Gene23	0.264718203176505	2.32669392794604	0.26888264967458	0.27089865246038	2.05573359857241	0.259152465166377	1.20408656784243	0.267712579200938
Gene24	0.105498197230436	0.837093965513486	0.10959082396672	1.99002974747485	0.111450547103014	0.10877130622009	0.105444458222903	4.00830497614679
Gene25	0.997131610686997	1.00848478206209	2.30787171064484	1.01759330829909	0.980480596298584	1.00228817933761	2.51327806618615	0.962731378599467
Gene26	0.0704991714659543	0.0716341405790212	0.0743336418068685	0.104881436019797	0.369819095047007	0.718256708952173	0.0731530733533007	0.40890149304361
Gene27	1.15556263335508	0.176124039306547	0.182853459964703	0.179210251187409	0.18102668045945	1.85194440235966	0.19341160463641	0.180098345040403
Gene28	0.241413793291272	0.26031477668605	0.250301768453093	0.27094528107409	0.259149039975759	0.764303440824778	0.254513215446395	0.256074287934111
Gene29	0.564179672837604	0.578745537370364	0.552489284514477	0.57063678511592	0.574751555137014	0.368293912312484	0.574729619824155	0.573535815809146
Gene30	0.136544407841517	0.14355084100077	0.151687317386079	0.142174297462326	0.144232101882903	0.143223053643289	2.0470586997853	0.147460922996345
Gene31	0.33617375642566	0.333547584572192	0.344715869243808	1.7973185743203	0.33564305528098	0.329692955462303	0.227887843716926	0.342132228229998
Gene32	2.8208713047763	0.128186005837069	2.14867639311813	0.128434196746502	0.129855347254398	0.126374547515215	0.133962803033322	0.135721565183346
Gene33	0.250389201144867	0.225753576295628	0.225077107162087	0.235303163104789	2.47994180682291	0.246771864577322	0.235924707873602	0.237183369755607
Gene34	0.548592749431152	1.98805435391713	0.821625536619849	0.564591173628606	0.570950204942686	0.578379138549786	0.56895737380539	1.46179256192215
Gene35	2.02204118475238	0.216314552213036	0.232408578435882	0.218072726005573	3.94681484947931	0.224076554634562	0.217740607939278	0.21468194775448
Gene36	0.299506289845693	0.301631844565254	0.296426261628945	0.280542118931405	0.297042191393267	0.299761404614768	0.287694352363666	0.297631507083888
Gene37	2.51551107688147	0.268811093968479	0.259525130957532	3.03575399492229	0.259640533080814	1.21754089235959	0.236402602944971	0.261620571418695
Gene38	2.54145658589533	0.520464481761851	0.505801317477436	0.519295519748554	0.509724587658129	0.50567688950482	0.524646078197949	0.516795927648847
Gene39	0.257149815552262	0.239245138504225	0.238246478417275	0.255560601502116	0.459481650904803	0.794489769756231	0.259935866374977	0.492731423052459
Gene40	0.155260310540293	0.158675875835636	0.158597638524675	0.155870685950502	0.156056686269454	1.59984459729711	0.154076379490439	0.161500149879901
Gene41	0.365640542583959	0.368477907163043	1.47933250454182	1.26260943218041	1.72617032003342	0.360608771672342	0.376019959152519	1.38890502723288
Gene42	0.187413813740398	0.181665379861625	0.177589843485081	0.980077514262387	0.171671526210907	0.178729985401771	0.18457103014783	0.180313863408174
Gene43	0.402763137685958	0.386242478498703	0.390743330971845	0.40648308565347	4.16750852227519	0.393993127559807	0.384918948729714	0.687048045565057
Gene44	1.16434045715998	0.0942166780410948	0.0956424852110399	0.0907012204951741	0.552442358466992	0.0966404889797909	0.0921277800041043	0.0956733955934926
Gene45	0.189353580139411	0.188172468465324	0.581298699850988	2.05854855391669	1.35959155316519	0.175459727986537	0.183057495127637	0.190872450890385
Gene46	0.151006394715368	0.14760742731163	0.150222129646992	0.15191229901994	0.915127834635177	1.28212387158957	0.157119132908448	0.158127522281453
Gene47	0.142405875731357	2.10694376818406	0.146713877057403	0.568325796407042	0.153455340772637	0.142786673271307	0.142255025049242	0.147558791576079
Gene48	0.174518475367734	0.172635571729311	0.178865041032645	0.177554137825671	0.165466153960313	0.172119434159924	0.179520895446511	3.60942577943562
Gene49	0.36602897629796	0.362304519305919	1.40329218543175	0.363566506694897	0.360266565246679	0.36197892940618	0.359454024638373	1.49354513446998
Gene50	0.368119956949111	0.364268830181686	0.354352466805485	0.355154553206682	0.369858111591092	0.354612596878545	2.20520904029355	0.287156364041172
Gene51	0.134358066273203	0.134341832516483	0.136568669107719	0.128907715067362	0.134194285427652	0.131130099829295	1.71319633364775	0.138016835142233
Gene52	1.32373312336276	0.990866741156464	0.656984704200747	0.856103555237029	0.283750347547392	0.159207788427701	0.266824855030872	0.289823396079593
Gene53	1.33412109691023	0.235741694235102	0.240521552726022	0.236696005193748	0.244127019104032	0.251776536196207	0.23099125952601	0.246123117216392
Gene54	0.30612755706172	0.301565900153484	0.308849424602469	0.309131574927007	0.303882460642437	1.93047631089871	0.308922863065692	0.311532051778977
Gene55	0.684472035648656	0.625607829185911	0.619050552849725	0.640697500455725	0.627884117398255	0.636959978553651	0.590526306142157	0.600358630375102
Gene56	0.24466533481718	1.4385673892275	1.1949089094048	0.249671092813887	0.259080927452685	0.243947892197786	0.244302878063902	0.248337113538565
Gene57	0.323106734461367	0.298685426206063	0.312573498988495	0.32084396002413	2.18779599835567	0.302174030924437	0.330919998566023	0.301492668707103
Gene58	0.67715693591434	0.669240576618855	0.694490624317549	2.53240903151724	0.675446942940251	0.694833843033562	0.680386220203287	1.93337215218656
Gene59	0.100584798582988	0.0979860563567954	0.106113171747686	2.5291115658471	1.13881812166359	0.100293681721915	0.0997295690643683	1.36574477175505
Gene60	0.295861599688586	0.290735420455495	0.283242032990397	0.288637116195464	0.276659407972818	2.37026442667394	0.296906167654815	0.289661913492419
Gene61	0.145839685303813	0.148175160188608	0.147081195071054	3.1962876728114	0.152159245491704	1.98361072872917	0.24757226384442	0.151393134635444
Gene62	0.188720466825118	0.193456953127352	1.35773976086074	0.180661712133724	0.184116001960956	0.18598300952867	0.180980908486755	1.38422511964238
Gene63	0.149922635594833	0.144972216553138	0.146261026664169	1.59120974692314	0.148492909519507	2.49362257935565	0.153360586030295	0.146621597181287
Gene64	2.37902862244762	0.13817928604908	1.08549042302837	0.135995439518666	0.132888917592664	0.13279639303742	0.124111341553495	0.137471181287723
Gene65	1.70278324599994	1.3127524106123	1.34005648341181	1.25686264900451	1.34235379796141	1.35292720679837	1.39725211827236	1.34451559277421
Gene66	0.322011112186853	1.00273289844821	1.40651134268057	0.346513263927799	0.331188741161701	0.320552284726099	0.346230870869448	0.340212166966921
Gene67	0.184988213493047	0.184886748194074	0.187039514789165	0.187266136203182	0.185529236123334	0.180914879003081	0.323814998358294	0.183020788747847
Gene68	0.266661163588881	0.262789001029299	1.02239879522623	0.253190794332248	0.251604518131448	0.26314362164294	0.268726004383731	1.89208170860189
Gene69	0.233680144092581	0.244397979492086	0.239648429345474	0.323147934569272	0.230504789002628	0.245121503861674	0.239314768775087	0.244463491787952
Gene70	1.1676598433409	2.30103643892865	0.55961990596892	0.901381375147995	0.583208296991603	0.586035158097853	1.50423146448095	0.575202643079218
Gene71	0.232353996829265	0.113796128824554	0.117949370202925	1.11398453988055	0.118434270863133	0.115210357322554	0.11398525714684	0.114242531615739
Gene72	0.354733280946063	0.351942691129466	0.355768583868518	2.26450339454094	0.364437827111152	0.360004359823333	1.27301685194907	1.65526002428925
Gene73	0.374266942229571	0.371833034907865	0.357082499376409	0.385816395563092	2.18741152081198	2.0484173790607	0.364607096430302	3.40356348789716
Gene74	2.05291528200004	1.64199770430147	1.98852771155073	2.20932556521782	1.16248964782594	2.10436586539965	2.04537638249588	1.97677088966137
Gene75	0.275282330843078	0.256482991936339	0.935391561767481	0.274318999953986	0.261189217399758	2.09988144158519	0.267833969993033	0.265887324662933
Gene76	0.369968625624367	0.386225869425893	0.378735764931989	2.40091466830413	0.367248065935483	2.26777450146	0.37933979116832	0.369309810733823
Gene77	0.224178809428422	0.207034897509898	0.219116898271801	0.946767732586678	0.21270874920774	0.60929244886986	0.436223114942159	0.713895961773275
Gene78	0.159423978643514	0.163700869807585	0.158232564727747	0.155950090153637	0.16336993158947	0.158113452984334	0.154808973616756	0.163089815689727
Gene79	0.862809947482889	0.647390069793713	0.654721872105178	0.634793725722699	0.891934394281524	0.64676406021836	1.39284217399822	0.657745853285405
Gene80	0.477110369206035	0.122476319447805	0.119703435931953	0.117439947825494	0.123150667569023	0.123651525731721	0.127513329830113	0.119900450131486
Gene81	0.183482054457645	0.182467040888984	0.174780711953276	0.182263065852043	1.30324977601613	0.187761576480496	0.187152700359031	0.189584754494622
Gene82	0.39449929737349	0.394564308775359	0.386338251182564	0.429787981237489	0.404864414469011	0.397654986459441	0.392881516461881	0.371905247182922
Gene83	1.95945995289169	1.69643729514177	0.240346637063789	0.666772824518915	0.234376493431307	0.431850181875191	0.233013612581634	0.23974557377469
Gene84	0.645636231055528	0.649083868818477	2.64909487097696	0.62876422451792	0.962673106526108	0.612700671612549	0.658325959286753	0.962079501934383
Gene85	1.76749610454903	0.609294729566676	0.701752317101376	0.798387851757524	1.69814906314734	0.59389667741422	0.619730610335324	0.601126306719633
Gene86	0.596854056398266	0.160517761931801	1.29895355727019	1.49253848412205	2.82945965629227	0.15715840996602	0.161255537995155	0.161537015398667
Gene87	0.231242572876997	0.222732003449502	1.20310135983083	1.17107728884651	0.229620953554044	0.231589302819629	0.223689133345199	0.230709194596878
Gene88	0.176794261149561	0.174628712018216	0.179370338394594	0.825049292449565	0.171438219999789	0.17187893184616	1.54058685818258	0.176854402129612
Gene89	1.94513921077458	0.127555190370346	0.133305878969423	0.134505263935523	0.130821360795323	0.124713713296561	0.134380525070135	0.128517948433435
Gene90	0.614133692873394	0.599027350850767	0.63027374286649	0.55648052878738	0.619006993179127	0.589162067538599	3.38648875615606	2.41552174211867
Gene91	0.119146609058956	0.837240765563177	0.119416533081423	0.125516905423402	0.127417545259908	0.685751907602623	0.12466833219713	0.123540738295843
Gene92	0.306234353195325	0.304787494094195	0.294420943676226	0.301898942545908	0.315644777682814	0.31912726291574	1.30632837062445	0.330539601297268
Gene93	0.185957368637337	1.59885208680149	0.185040306132709	0.189991972411434	0.187655618578246	0.189465849955927	0.257276927842114	0.18704580922573
Gene94	0.244762089284988	1.73579671763777	0.24685741444126	0.255101731619878	0.962696442269899	0.25566266653416	0.250831719473185	0.248952396562178
Gene95	0.127038922349139	0.121828320431811	0.123221120921882	0.12579817111445	0.119638027480616	1.76931723678812	0.126058788290064	0.123646197401807
Gene96	0.29273350114907	0.307502650564865	0.281736008862303	0.267857928621893	0.284831118449699	0.28434547710218	2.46582247460799	0.279442977587674
Gene97	0.199993882933106	0.20567149447692	0.725813001294653	0.193013558471821	2.53856748469037	0.205980553908641	0.202043381329896	0.200345700867629
Gene98	1.21577349914258	0.120275095339631	0.121799839505249	0.691993588367594	0.122141639347214	0.124361918890722	0.122257049371219	0.117925824735835
Gene99	0.653395358369967	0.683267456727713	0.665131070664253	0.676670447645104	0.673343418823604	1.31890383607346	2.10701722765079	0.648454082325894
Gene100	0.243455002571314	2.43792478678944	1.56385755805347	0.259024746127217	0.245168691575265	0.239394639427284	2.88009568050438	0.241568225934691
Gene101	0.223086398671806	0.218601728645043	1.39002659280594	0.218857550425109	0.211046431863631	0.21130829560435	1.20008487621443	0.101109702540421
Gene102	0.235647368812423	0.241000413867437	0.228568180357438	0.240460888367941	0.235778998292937	1.16297686878786	0.232993611355796	0.246304070903146
Gene103	0.19520045637421	0.962453085980354	1.83746245689626	0.197663908846936	0.205410504564262	2.8358402242731	0.208304958627499	0.600833480722467
Gene104	1.27088492768638	0.135277894173114	0.135862786915394	1.23106030169528	0.487191697705459	3.14066533038364	0.144197502010732	0.139834191218851
Gene105	0.199861143984464	0.212106693674914	0.196743391259061	0.204466587103866	0.210606822474102	0.204346251847445	0.201699286549209	0.198007982224178
Gene106	0.0983475841803178	2.5605094197651	0.103056643768131	0.0981973587923456	0.101011381556186	0.0978748015805564	0.10073215995392	0.0991915455531322
Gene107	0.195234145303487	1.08412718929348	0.207298261861791	0.202739818897503	0.210472745760817	0.197503291251335	0.205850219168379	0.208856020167281
Gene108	0.222564231754603	0.220911303466922	0.220665639310694	0.218463321006685	0.81531125015106	0.218000528020226	0.219655762137733	1.48751463171307
Gene109	0.27583183275602	0.278960396219373	0.273282510155255	0.279559212949205	0.282692455351085	0.281679475394506	0.284061823948222	0.274805064140317
Gene110	0.2377784032903	0.238830702977519	0.242206270902794	0.241487404110961	0.242840747699653	0.476412791737886	0.239510043193986	0.248112152394373
Gene111	3.44468892364792	4.38600443908749	4.51348191859343	4.25763073308589	4.32510498863734	4.4093779760986	3.08814439419181	4.38732059597379
Gene112	0.171246218038937	0.170785011627415	0.167350300428376	0.169154467663566	1.79266151125682	0.173999029665925	0.179707661803911	0.175508161046411
Gene113	0.130327240059601	0.12984417533883	0.135367206341925	0.130257337264315	0.135311074413465	0.124976624695604	0.135502385480092	0.136845797683939
Gene114	0.305015342719271	0.297804797116786	0.293197824000084	0.275276497705715	0.305799227875831	0.291232247109963	1.91295746189099	0.297037000180177
Gene115	2.05945861613509	0.226315533880776	0.231970156810191	0.222920871043685	0.227966666493197	0.214621095306359	0.728976024482406	1.54554495343212
Gene116	0.247714588769447	0.201456123537402	0.2079027212133	0.193292061557836	0.209168611295743	0.191191587097738	0.208799255874825	0.209917374442996
Gene117	0.158827773355354	0.172246374379262	0.164349675495568	1.1365954035795	0.557361566651262	0.168518456435115	0.1630448112665	0.170032974633275
Gene118	0.176989985678682	0.174524822366492	0.178811174589422	0.173766234281905	0.17619473587228	0.179526476594324	0.177927356355695	0.175991612970636
Gene119	0.954850851322693	0.188988320411433	0.188152430339202	0.179024069613655	0.161512813544365	0.191051916120132	0.191750204692301	0.185278607760889
Gene120	0.277186339958376	0.275874415185413	0.276273597034566	0.275539096364256	0.269574642409246	0.26322078772978	0.266373853669755	0.286653877790214
Gene121	0.400055819273864	0.298457138421436	0.497929994564245	0.325457532760933	0.404147867202113	0.405395221599415	2.0494084686068	0.402491560714647
Gene122	0.47830855382113	0.453958591206277	0.488376247073258	1.78319471164131	0.477137748988298	0.445557415253279	0.466855372436161	0.480888541888753
Gene123	0.125328502565925	0.118031306354204	0.125307096916615	1.17644431793869	0.124239031864237	0.118334804654352	0.117285744018191	0.126156662992685
Gene124	0.239905391223936	0.14637348805279	1.45856106183831	0.237680651800797	0.236668077219925	0.24083879861372	1.45325036535604	0.234605306350295
Gene125	0.222314629489088	0.22352688904157	0.217215449039075	0.212916228712765	0.230118974796145	0.21042517188443	2.35014358175638	0.218160873516741
Gene126	1.32076361570052	0.129783153592405	0.13248183014429	0.130029977226373	0.128207007033417	0.12696053459341	0.132797953061198	0.134356513078223
Gene127	0.198808826689046	0.211224663899322	0.213374944853775	0.213667110034246	0.205509239377514	0.203443291878905	0.21073530890358	2.51737414330949
Gene128	0.119259797108409	0.121845073729725	0.114045844847303	0.121891980725784	0.112312689112145	0.113926202894108	0.126990088636155	0.1177401674355
Gene129	0.188933074899571	0.191920898667235	1.47241335747103	0.838474655246279	0.18950542416265	0.228907257944782	0.192192482183275	0.193647366381583
Gene130	0.1737852052426	0.174245306942544	1.00993757246843	0.17607961966362	0.183185441094728	1.90326558367377	0.20229601775728	1.89497899948855
Gene131	0.216214816841485	0.211437591124372	0.21198783802784	0.197401427105978	0.207717830068642	0.218922396838277	1.32750640701762	0.215226429216124
Gene132	0.0707773339685137	0.933449290706009	0.450095327952611	0.0985976526203434	0.0935359578197224	0.103699039846504	0.0983827089097998	2.38007968076816
Gene133	0.18496698480033	0.190141640003241	0.174300695448602	1.14919119923575	1.69854893987513	0.186168922501031	0.17998687581786	0.699437362168584
Gene134	0.485413209063638	0.507268788461982	0.540576523352499	0.499288354181035	0.843010965834093	0.506917799421625	0.506246139449797	0.517414284969881
Gene135	0.983993962883375	1.49718605129465	0.947565678280002	0.968027781450963	0.921037422913952	0.929005975527341	0.952973295036205	0.991026068799838
Gene136	0.377796248168818	0.367628003053047	0.393082606455469	0.389557891332365	0.37424355034325	0.398784407184737	0.396832391000218	0.395486202075191
Gene137	1.14221236754486	1.4327020572537	1.42109603111283	1.4860434742799	1.45000194592437	1.39938459508289	1.42759255632007	1.46334037726215
Gene138	0.120839968402392	0.125301348617928	0.12918009102	0.124120304869915	1.83593074854491	0.382156953819188	0.129116360576945	0.127835695343972
Gene139	0.216621006831572	0.216565687275854	0.200942833284036	0.784253601428645	0.204896277313842	0.660801462283179	0.343903261438468	0.201009102475914
Gene140	0.202112340397657	0.203804397404524	0.202240014362856	0.200987264680851	0.203929390514873	1.13806887470855	0.200857619206514	0.209298473269017
Gene141	0.218118938960151	0.961485914950854	0.218344276291869	0.213456940499191	1.48172172629751	0.215964164456254	0.999943006185479	1.60217990397737
Gene142	0.158468751014644	0.152089908719111	2.58468557840874	0.15103304275683	0.151132464483869	0.152824195498635	0.143717813755955	0.121796862992674
Gene143	0.116076186308527	0.117018534411265	0.110555363903967	0.117787361096492	0.119686478595306	0.0670923138452559	2.31395207896321	2.40116586823206
Gene144	0.628517715143967	0.275285124917981	0.274770151715361	0.278101997936764	0.292255611944346	0.280579550539526	0.868817772258305	0.284549446265436
Gene145	0.806690677285185	0.217838618256375	1.08562991974533	0.216605068571356	0.220476313672633	0.224340796968057	0.218688697410997	0.224114684649007
Gene146	0.43362923878709	0.4418774750149	0.596628087207881	0.447172544887976	0.435645265353333	0.443802831903124	0.588833509075129	0.451983942402315
Gene147	0.783041894629965	0.714997690870897	0.783491484141877	0.76536100441205	0.761368678152558	0.787677019624139	0.778742202756936	0.761004290102452
Gene148	0.505938134801868	2.12972762458241	0.481192890898783	0.506497762112473	0.506472300347898	0.517627008637589	0.497778834548548	1.45453179786443
Gene149	0.169234550689239	0.941433672610538	0.633699591369278	2.10893161387047	0.182355524073988	1.37602736833257	0.175593649246952	0.173180374319828
Gene150	0.630513205428758	1.67451949214258	0.98076178318241	0.642410576533451	0.620410011489267	0.638115207294281	0.622974335038186	0.609309308474663
Gene151	0.285457945527788	0.277100950960638	2.37071530791183	0.288644751386589	0.298092992111626	0.305943779434875	1.93647167496878	1.50923180894691
Gene152	0.356448964185855	0.350826240521072	0.217588949865975	0.342170616457339	0.34314442249884	0.362540980377211	0.348551021211995	0.839002452364635
Gene153	0.184732256680577	0.597837469681118	0.194028489523922	0.189327978766588	0.192538455468217	1.44971245478757	0.195606665193755	0.727551063704897
Gene154	0.76398887797618	0.127684475882562	0.124924080461878	0.127777723698542	0.124798051398501	1.57222236839796	0.126941175631886	0.127801938606905
Gene155	0.390075698460372	0.540290210229683	0.388544689502578	1.00958865457055	0.379492101244432	0.380257626554319	0.383506215975489	0.400708516137578
Gene156	0.33102465013887	0.523427173560325	0.341405875415796	1.05931490193228	0.352864574320624	0.353101071996266	0.33793718034198	0.339483569180689
Gene157	2.01888197229743	2.52946321731039	1.70521896314168	0.124423361151278	0.121360561379637	0.119551550291241	0.316922780310114	0.121935839643612
Gene158	0.423836087895504	0.42855261979019	0.448043802968875	0.448083038101074	0.458563427871702	0.423829366318186	0.442527047133393	1.86996460027396
Gene159	0.0944493957846539	0.0981988507357162	0.0983899048590975	0.0949225931438629	2.29948144985467	0.287545574863935	0.476096752800993	1.57228599532242
Gene160	0.190010067381099	0.683577945353753	0.149958597547971	0.83246886006017	0.15179607064507	0.154308758025743	0.157431857424185	1.62253766899402
Gene161	0.16741435090354	0.64463771171998	1.11737001040896	2.84834687488137	0.162543657318218	0.17345522067057	0.162188164081364	0.163992614124153
Gene162	2.43827126912452	0.333267261547521	0.321963865794489	0.342217273540194	0.341785294011853	0.335571818279848	0.316171898969407	0.317358719642223
Gene163	0.365364751866956	0.35570768793025	0.343264128974207	0.348740432227637	0.359139067014597	0.35065919940975	0.338641165878172	0.351395181552658
Gene164	0.711876830263105	0.124879368785478	0.133864191259845	0.207597332016793	0.12720628965103	0.122007454761417	0.128822262204278	0.130399976549955
Gene165	1.95769514441801	0.146759182161933	0.272315107723397	0.273754570661168	0.268736631651577	0.274068141062397	0.948599947493157	0.263258847898941
Gene166	0.156208940011198	0.159945390483722	0.153348958418137	0.154197270611845	0.539183515229889	0.155789977502128	0.151715611868116	0.152994944624416
Gene167	1.74508687363474	2.95451751452065	0.37285993886293	2.03708513281356	0.277238622027839	0.370966230194627	0.354643925543793	0.378101272924499
Gene168	0.132363424433534	1.75573180404559	1.47042499096569	0.136325745993669	0.130665386077509	0.131085273827508	0.13432241084468	0.141966999952297
Gene169	2.54940947455358	0.230419363486198	2.36322675217267	0.223383082801949	0.217171479140665	0.232631465958839	1.2707783760332	0.234501806198128
Gene170	0.415816140715448	0.132577388015384	0.136709238953822	0.135113743332973	0.127795705474419	0.136276755505166	0.132257898152586	0.129681600445467
Gene171	0.148551115934444	0.151425634131535	0.147112013392787	0.149595763155269	0.149434112613436	0.101968106639385	0.157663622315815	0.923920574276326
Gene172	0.307354856600799	0.842585522428501	0.308364109756745	0.295550059975206	0.309218456961409	0.317646453776188	0.37287540112699	0.295012621829909
Gene173	0.377988729925916	0.406639014339805	0.385972828305285	0.371065484298097	0.377618920905789	0.197937972963781	0.374136137987378	0.51130761310192
Gene174	0.310291621024315	0.594749120408319	0.622472550414386	0.59558694437514	0.889718597680225	0.565778639514372	0.572628812268695	0.58678042948292
Gene175	0.225734154794059	0.230318497556496	0.225848865324268	0.235684596464841	0.240535437182821	0.23666726313876	0.230948620539915	0.228250421800546
Gene176	0.336714019937675	0.343961947537191	0.894667267357062	0.340684781691079	0.339448403974998	0.345810483975659	0.332559689860006	0.352227236527123
Gene177	0.151459314493198	0.550340141808797	1.62096296965293	0.149780293562255	0.154483801542381	0.152670106174239	0.14999722453575	0.149012576452614
Gene178	0.278254482298346	0.282983117887303	0.284606097117766	2.34767782917786	0.280781106395024	0.281103721734962	0.277565187338537	0.275888231054111
Gene179	0.505001766534726	0.261166023471099	1.23533622686329	1.57157036108012	0.265860590493195	0.249290598152705	0.244196327157279	0.259982435100807
Gene180	3.85231149095264	1.69492855085943	0.200957331264682	0.162286245929273	0.163639198681992	0.114625066600342	0.166823218225852	0.160645147748618
Gene181	0.496633388506004	0.918971461784401	0.487263204874309	0.474292338665356	0.485950121310556	3.41953249355693	0.481028634073611	0.483719706850868
Gene182	0.168395874576813	0.911493000455548	0.165250637686663	0.170364055963	0.161223993565035	0.167321943860145	1.28490696142864	0.157537066511816
Gene183	0.194004642457048	0.193425502494951	0.198219657498513	0.187853152817678	0.563965179716913	0.191361422065817	0.192322113435131	0.195377684964108
Gene184	0.143225823226937	0.134065556781099	0.136581187546096	0.135385589708809	0.142489071362919	0.138454850234337	0.63908604897026	0.133938253822815
Gene185	0.220196814224497	0.215136446650552	0.215595375029345	0.209932423418383	0.21061693296064	0.204778305554446	0.21350978724394	0.219846975638216
Gene186	0.160341830264694	0.18377914283152	1.7579269593687	2.39658770549188	0.172253335014456	1.55963784798033	0.178136039052049	0.171178310174738
Gene187	0.13461183554949	0.131846390305463	1.44593446468258	0.14061110333941	0.139168026355191	0.129567955418418	0.135123171755933	0.129576555503969
Gene188	0.09324869672126	0.0929890155960408	0.0912274698713379	0.0937224660925345	1.69893841111175	0.0890542480017045	0.096628774750036	0.806357095521911
Gene189	0.224242109811005	0.221887394759567	0.217680152148039	0.219106852535778	0.217770636082749	0.22315110644689	1.54312085027001	0.222723332681157
Gene190	0.54855944833858	0.422134400925571	1.87196924549229	0.41606005573489	0.404028970112635	0.424594691343584	0.420750980229831	1.2684128071585
Gene191	0.101735223372887	0.0969366250966094	0.0987588604997833	0.100495211037177	0.100757014416374	1.14769126932494	0.103805693277094	0.0965196482774205
Gene192	0.144713003263249	1.9567846914041	1.66267681004271	0.14022285057888	0.135488141371491	0.132289582356454	0.944362100166297	0.143417497165781
Gene193	0.168641986329043	0.158603536138469	0.164136735786738	0.166860200500072	0.173064543081262	0.168005446140798	0.175259815739711	2.18551320571365
Gene194	0.498145459430981	0.467796248237091	0.470366899507452	0.470098592534628	0.457126732193772	0.474526297590265	0.324413816002813	0.462341545747956
Gene195	0.16164717918033	0.865163124323596	0.876706857957476	0.160841093907631	0.157126089007524	0.166328278035859	0.160331041570269	0.459896425105479
Gene196	0.259850729645788	0.245306012190866	0.254081306896628	0.255837845153292	3.8610972802689	0.261128266570796	0.282187675064988	1.85745693466226
Gene197	0.766075312747904	0.339746793270411	0.326821004757885	0.336968455775379	0.326367864193234	0.323550477456769	0.337438584437325	0.829086536048495
Gene198	0.158226677806823	0.114373979418361	0.112631610109135	0.113192601471155	0.108481490427663	2.87464952091978	0.113308790337281	0.107573984260508
Gene199	0.160886137228062	0.15879149973888	0.159487779397085	0.164368527734064	0.154128215302298	0.160748383105389	0.154500932426561	0.166648305793629
Gene200	0.126905075726866	0.127226891260692	0.127314626167551	0.130736916864954	0.131779396875148	0.128169350142442	0.127516122609036	2.06770696236656
Gene201	0.132838958726354	0.141007527891302	0.138125063660333	0.14035231407812	0.13496816047303	0.13476766321988	0.147643483424967	0.138282120610821
Gene202	1.0120489935424	1.04772237273128	1.06177301399259	1.06832388315102	1.02870636236338	1.19434429650097	1.02475440243354	1.04662044806447
Gene203	2.40685025388333	2.34494513540796	2.42010779658983	2.34231101459645	1.67387189526791	2.44993211513504	2.40192119942866	2.74559962191268
Gene204	0.12340776348606	0.13205059918066	0.128995630947741	0.140161919329182	0.130784741773282	0.309926799228891	0.138247384978658	1.35664887857929
Gene205	0.168827614814844	0.171385036750679	0.172126647760367	0.166784230890198	0.173485369069421	0.162332104896602	0.166184909741031	0.173167320839105
Gene206	0.996838913007881	1.01467125604733	0.939693878578089	0.989041742973606	0.977430448061356	1.00853515318035	0.99549004924695	1.00677280312098
Gene207	1.20832252824105	0.579069474741142	0.586191414478282	0.578215593675511	1.08675607070272	1.91973440805891	0.553523420928424	0.570238050323269
Gene208	0.689704017523938	0.706766239911012	0.699732727273744	2.4547195266904	2.52382879587611	0.667690663541472	1.23022985120597	0.71153462613451
Gene209	0.179592300588786	0.181304645647267	0.185706849964701	0.18197098277774	0.179699239905063	0.174920897046408	0.184446693660754	0.183793944070588
Gene210	0.564487152760055	0.545656821332518	1.07008087642572	0.506843482155062	0.536115324213097	0.317216487409923	0.557484480689591	0.578344970942485
Gene211	0.0862430498577424	0.0855562066048522	1.30641815224558	0.0888131013772575	0.0850004382919829	0.0894177464580925	0.0889508782411373	0.0890274715102515
Gene212	0.112441494481781	0.109971131854464	0.115498280002872	2.49396287243219	0.112888178380385	0.114773530343445	0.114877134371531	0.110071691816097
Gene213	0.281868392461619	1.00885215937449	0.237325663785307	1.91250101942166	0.235050169202192	0.259871307861555	0.263867548691578	0.227953208851228
Gene214	0.0981678392206402	1.84026614723576	0.0982021399958413	0.0992582449125325	0.0981543257601427	2.60762809074827	2.33195579488674	0.0983709136530237
Gene215	0.302707685916047	0.364339253113895	0.32488553183814	0.308524023917869	0.305869949162796	1.41183072002026	0.59920857770801	0.291052551720499
Gene216	0.294626495365093	0.28726033626583	0.295072510976721	0.300462297437409	2.15344300902551	0.297319813634044	0.30506286318171	0.2789414936666
Gene217	0.231347745145456	2.05505057730295	0.226954161985765	0.213810925058704	0.220886160997427	0.228616550134509	0.421444483609544	0.217581351586777
Gene218	0.381089985271186	0.371570813326396	0.797372689665725	0.204088747732756	0.382196296911948	0.394250596248677	0.388234912899625	0.353223922409299
Gene219	0.394086882890324	0.418352830899638	0.420158952706417	0.403646283455904	0.401187591203648	0.421415500668119	0.325282663196397	2.71209826105784
Gene220	0.579891781157334	0.9605573627083	0.598873955699496	0.596297888114802	0.59221761832765	0.604032359956731	2.45857469023059	1.07929865238992
Gene221	0.0870860670520262	1.23279626247443	0.086709954518654	0.0827720331035895	0.143330264951372	0.0841706013095585	0.0847407070963826	0.090122978385907
Gene222	0.184765352525604	0.198045408462909	0.189147000485222	0.568624170646863	0.199559397713132	2.43182067579301	0.267593709244993	0.192876063641559
Gene223	0.638304203510479	0.650028393534706	0.652750629048575	0.672804115010656	0.628477706588959	0.646127208161564	0.659159822469678	3.19744594818315
Gene224	0.323778876582557	0.318786607488788	0.317373076588961	0.328275988568796	0.332132810539442	2.26106728684409	0.323423897482661	0.319331687459544
Gene225	0.493171394612184	0.50113613223272	2.54653737415532	0.505377795824302	0.469894160321501	0.503596053637783	0.511743667244137	0.554926128174521
Gene226	0.163220158828069	0.435910230125957	0.157448318191823	0.159628277910455	0.166280620382177	0.16553978373071	0.168342991736774	0.164610234445489
Gene227	1.69687795592721	0.701823004258308	0.681665999735089	0.671966134489936	0.683265098391062	0.777989325138137	0.697838491169055	0.693512466250436
Gene228	0.184718430684963	0.185179440715444	0.193131978566885	2.61259375863886	0.19693755832941	0.186399454377675	0.175775323733775	0.194264425624989
Gene229	0.193858645995558	0.359298512637211	0.183779326092853	0.55635549623771	0.193381363668091	1.77485768259928	0.185513956559555	1.06863858658693
Gene230	0.18575870845156	1.5185237962702	0.182920138686561	0.195848897758657	0.342808219289314	0.184909581892344	0.535564479252004	0.183907009736693
Gene231	0.558710522740911	0.53698239759635	0.518346038425136	0.541379805358676	0.540285101028339	0.824474991063541	0.98790551081639	0.534967408739233
Gene232	0.188442483780501	0.186056899738373	0.182983760906538	1.47747113043324	0.187886673606937	0.188806024459899	0.191186112254418	0.188473619234033
Gene233	1.13529126535761	0.289044703776957	0.276002083322555	1.29306484871193	0.282261430396178	2.44423236276039	0.999364850028518	0.279149360681671
Gene234	0.313990233259072	2.41750511609417	0.33883012028963	1.88495811623004	0.327933628091499	0.330678973294206	0.316188636940426	0.344524957070867
Gene235	0.262937613115074	0.26671893724736	0.258650532704211	0.271145867591656	0.641954136167817	0.265760635046705	0.274034985657528	0.268320745317273
Gene236	0.175309892668395	0.171478768999813	0.179388352182384	0.163619327752674	0.759139766898145	0.166764559917173	1.36219818282382	0.175147260373613
Gene237	0.177734050696755	0.167706495949898	0.1581298977768	0.175625212176914	0.170739568980427	1.14919342029705	0.163745629739375	2.22307042920722
Gene238	0.34791268739474	0.357692722987469	0.358912005752976	0.342584025327083	1.49994749573577	0.36348488724557	0.355187432781169	0.361164380208122
Gene239	1.87098441535073	0.30821530943367	0.300199559894176	0.297433141714234	0.304972526264084	1.11299497338951	0.299690513648284	0.309477820303787
Gene240	0.675287250397075	0.238181688698374	0.238577414021255	0.250000210663147	0.248433328123415	0.232863868331426	2.51222953784969	1.18739723586276
Gene241	0.416218406282862	0.40440102726922	0.410888580751753	0.426224526831888	0.421181607603837	0.408244292142532	0.412753639677882	0.407553193177114
Gene242	0.50830915038036	0.468272947708918	0.495429358397432	0.287613387049638	0.497107066859273	0.859519183795394	0.508960154338059	0.488819445467378
Gene243	0.251940358930728	0.244850641396957	0.239099084825485	0.243417340160271	0.239532983307907	1.12043642608874	0.247010083159141	0.248091780436602
Gene244	0.446094015127926	0.760125315107837	0.774895530157568	0.783717690219015	1.78884400055447	0.799828064738971	1.2304755292267	0.780748014892582
Gene245	1.51890760750649	0.207196264485745	2.95730155121836	0.213816284480486	0.20232898019106	0.205261624991759	1.51830022073885	0.192162498790728
Gene246	0.107507177080234	0.108484854514819	2.05786388976028	0.111113897542077	0.10918740313006	0.109544112367068	0.103244282883229	0.109986985499375
Gene247	0.447637662908419	1.25693145391147	0.453858899063186	0.475121016499916	1.81471557335446	0.432758013010253	1.96104180926426	0.457501476562414
Gene248	0.250775213082876	0.261046809568376	0.258076598224244	0.260054557766888	0.251164681178141	0.255119973123434	0.262293306622432	0.255052024949774
Gene249	0.153619625604869	0.153071642145753	0.152896263861059	0.162355136702387	0.148995258125665	0.150464264521055	0.158520195535592	0.145206153364847
Gene250	0.54434228048001	0.112367470888959	0.112377450973332	0.114625299589523	0.111190484969855	0.105439738312959	0.114348384971258	0.112597557961774
Gene251	1.36723944755215	0.238651386929694	0.49337768484015	0.246294543514556	0.232435887982703	0.240902825048195	0.2342786341802	0.226430086911081
Gene252	0.169382593389774	0.172544135361762	0.169675874794873	0.16685125504065	0.171499318208288	0.169349227169735	0.71588268222519	0.169701443767528
Gene253	0.120976265631452	0.125194106238901	1.22304093594124	0.128414562991632	0.127603337579675	0.120304299454598	0.120070720332264	0.119510044966442
Gene254	0.506458157685624	0.485161320974779	0.48976935694016	0.465123675826369	0.466527892897608	0.490371346179434	0.485166479075712	0.243743754624796
Gene255	1.01918931763496	1.25514832756614	0.188148669008558	0.187887093756465	0.177784762578189	1.34892456214583	0.183178266659448	0.178564226987242
Gene256	1.17807656426876	0.130621621151487	0.135378112168581	0.922847718851175	0.132981360815161	0.126873320716567	0.123352509419118	0.129669662946626
Gene257	0.114116375423691	0.115455962539802	0.119255138839138	1.0917259185324	0.161790467003216	0.119410697440357	0.306881146437516	0.11184863527432
Gene258	0.122046915542364	0.126959892834979	0.124779858825442	0.122077151132946	0.121961297457408	0.127710074769087	0.573626655574997	0.123196199228225
Gene259	0.213776588863508	0.211506075756242	0.207030055125008	0.784473876906655	3.03808220701699	0.205955019633334	0.212317539157118	0.201391648809893
Gene260	0.192816655595034	0.190693561968855	0.189802741360512	0.201074681572385	0.188292535249769	0.200773557446759	0.208929554658141	0.195310747110091
Gene261	0.778256230795089	0.747973007498064	0.739359563594014	0.751858552242119	0.7226493469599	0.759117361792402	0.795155156537777	0.445352914696492
Gene262	0.259237192697769	0.251845729281716	0.253609918629438	0.267471670299888	0.249963649342567	0.738041850194647	0.255419729207766	0.24707978519203
Gene263	0.481848845950283	0.516668536133654	0.499191292768791	2.42687074230185	0.503811012722355	0.526134568281381	0.506763318148517	0.52916681087465
Gene264	0.13821501324874	2.29368870022964	0.141283371333335	0.133039928857597	0.13696337009113	0.136534075792684	0.134875426665891	0.124047931161843
Gene265	0.33118767875999	0.330189419502656	3.01022378030012	0.306522254136767	0.328915099013746	0.313780300600037	0.325869782111461	0.329501819023256
Gene266	0.215035038574171	0.211301988752822	1.45444569870212	0.205196679533693	0.21754443657632	0.741507990222462	0.527550856657523	0.201549983059656
Gene267	1.961161419919	0.119037569307343	0.116040191424028	0.123869807585499	0.117520864846422	3.33187059294108	0.118799290180782	2.00400982177219
Gene268	0.441880274904418	0.448118092612349	1.40306052486022	0.46640741690048	0.443934794522008	0.438919379694539	0.437310888113397	1.27321841777336
Gene269	0.947546355672924	0.997057316597724	1.52571114557146	0.998872502949049	0.988308397275833	1.61142161177415	1.00004325335012	1.00120601269836
Gene270	0.097955783343216	0.106711677117537	0.0971887365525076	0.100277669758254	0.0964999860787779	0.0996022720126617	0.0994168418525405	0.101093262617635
Gene271	0.835662210492199	0.165490470627707	0.1564510410457	1.18196847908654	0.161718814565108	0.166786266689851	0.169547576399066	1.66247807713857
Gene272	0.10673101962135	0.107163651562319	0.111317008737213	0.110147641543748	0.178193666826341	1.45608026969865	0.11273485854405	0.107051702808304
Gene273	0.111837225767317	1.26512741100268	0.106050588425593	0.106496551162663	1.57662699576463	0.111866053165213	0.106806824410403	0.112337452092952
Gene274	0.789245980369123	0.200337444280419	0.19295032591957	1.87532265319715	1.17819325850563	0.193731907224171	0.199921071579994	0.197898549087062
Gene275	0.994361221121754	0.754367485431664	1.00109654778389	0.72456479608688	0.728253014898569	1.03334838959984	1.00876064564363	0.982478331276468
Gene276	0.1605844227594	0.155040309254939	1.31938538432866	0.161365262234485	0.161799365254576	0.163731703585874	0.161890860357439	0.158999216973841
Gene277	0.282297773644491	2.75993077203874	0.264659721049016	0.269801689074762	0.256914536578144	0.268040233200458	0.258027053704923	0.863689995196187
Gene278	0.423583834966245	0.432932723990751	0.434417441164639	2.29311899019449	0.453142047524087	0.44734434246294	0.579774290459092	0.448957054659075
Gene279	0.192656052026192	1.72889171392652	0.189239366325397	0.185882192340033	0.191053723175402	0.192567244579137	3.70623308625122	0.183638978355413
Gene280	0.510330480736354	0.52168751873878	0.52280308842224	2.91195554062481	0.50786606362809	0.492164064037757	0.501263883103564	0.517406401072924
Gene281	0.311444963326157	0.314281302065098	0.326302599437815	0.322345100672638	0.324900590170125	0.308203611447471	0.329946539709358	0.31902271486545
Gene282	0.764127971658916	0.751438204254932	0.780903583272195	0.773805603602699	0.780721362345016	0.755186688956708	0.746747216800449	1.82039669260235
Gene283	1.63977257515648	0.110618748713464	0.11431130793593	0.111735570915268	0.11426459041529	0.108448269971413	0.109243609260108	0.109766707726743
Gene284	0.0977178415319546	0.0972998301013541	0.0989531108382171	0.0946491415273705	0.0981346196768859	2.15458961305687	0.0927435526431361	0.0983190586186349
Gene285	0.501201023590738	0.490512026522884	0.491475182263053	0.512590399021562	0.50384401032176	0.50419163552473	0.492898817686118	0.505619175862147
Gene286	0.191729306282929	0.535646385061129	1.49493148928261	0.194021516049987	0.200335762968161	0.182548905242323	0.185107940388643	0.201063290651923
Gene287	0.282550828139123	0.293247377770236	1.47260398345632	0.283318120399695	3.41313684035975	0.291455736516203	1.02241734177887	0.289221507837074
Gene288	0.180075134820534	0.171876822889309	0.181065095015573	0.177217309367891	0.177748227098622	0.176746897129008	0.179524500626841	0.183067414346401
Gene289	0.159136865319173	0.16633400885484	0.164296104494253	0.168216735331567	0.438222038936641	0.163908477210429	1.97465295499598	0.172175755166989
Gene290	0.704093234022898	0.331075076855569	0.192171054647889	0.206120070193843	0.202102923715915	0.19652637690743	0.200272959377214	1.80380108936221
Gene291	0.224871304935825	0.225784449040679	0.214529891248199	0.206055446367879	0.209940050483651	0.210055213386664	0.255166415404977	2.38763739837645
Gene292	1.72366529926295	1.23052242238347	1.71432801582886	1.71004998911673	1.77496282793639	1.65134682343073	1.64964068794969	1.63863834092164
Gene293	1.28183601088943	0.172360935995676	0.304589605822633	0.240908769187023	0.474432181786117	0.703000527587957	1.18916953648943	2.12203482638758
Gene294	2.11024980984862	0.245129946559145	0.25384826221167	0.264168597020862	0.257913209399464	0.245745336683316	0.251882360322011	1.65255016002411
Gene295	0.466704265165304	1.95704950158997	0.495525745435508	0.482229954075005	0.472622884029063	2.19079580318271	0.459586444424557	0.477188410320479
Gene296	0.238827590465256	0.230387334367837	0.228754432668426	0.236038785156007	0.23287839684578	0.236650323112523	0.245520593473723	0.237808085108833
Gene297	0.215090545916907	0.208924376821708	0.21213034949416	1.39064416924116	0.118149278912498	0.198951666770473	0.206608280416091	0.856139484160571
Gene298	0.172446714354269	0.161678174097553	0.16200657688598	0.154797740367653	0.157842434932709	0.604821910872918	0.168155633586995	0.500262540597062
Gene299	1.24384174576806	0.363545757441885	0.363620248083801	0.358766992411794	0.370538225585336	0.36439459560103	0.356891202598541	0.369990538212094
Gene300	0.174803007350227	0.168327936878684	2.03928155791401	0.172710218288157	0.17433041183719	0.165663927720852	0.167669743401988	2.08812991384508
Gene301	0.677521478986916	0.689756212436702	0.655603372685344	0.689160668078009	0.648367651741288	0.654086688336728	0.667186170154506	0.690208332967256
Gene302	0.118182221275181	0.110290334249265	0.113892140598422	0.107588994529717	0.112988054972502	0.115136384795896	2.58881000954618	1.06436746746395
Gene303	0.25816050817959	0.246692321316213	0.236408648907307	0.252095872136636	0.2455221936436	0.23688411198466	0.242970695515344	0.258903309463977
Gene304	0.205719837059621	0.202773867707279	0.211452883957017	0.215219490262803	0.201650239058668	0.212187681949889	3.97046942245097	1.18797606290455
Gene305	0.116438127629646	0.120526187158104	0.119943306810077	0.118337263998222	0.159596638760731	0.11966512269076	0.119066955015753	0.124356432884929
Gene306	0.158990935758558	0.80204459176873	0.165298869849369	0.590234832356051	0.168327321640324	0.168850077679137	0.172316978256679	0.167870841024767
Gene307	0.0944161773782535	0.0949683413316374	0.0977508761858531	0.0937965846822508	0.093832656719555	0.0942329056946342	2.80767382754446	2.39747185688761
Gene308	2.1809008032071	0.225910229178998	1.37060415550841	0.772068184627158	0.215599114210274	0.140327687222799	3.18999417191335	0.218517459277906
Gene309	0.114097938633088	0.110627499404436	0.113167732170318	0.113081907559545	0.107926858483904	0.112895131103578	0.188201899441651	0.104144183091955
Gene310	0.208786146253089	0.195823768375187	0.215076089990266	0.209196561052214	0.210057318324582	0.20031066564224	0.216822632662642	0.205081228839805
Gene311	0.149806786321512	1.10053088165605	0.144902964210184	0.151356249207852	0.749328006749649	0.14392643301124	2.66188761382664	1.80487492499899
Gene312	0.269308747650478	0.264371901556553	0.283750168477352	0.284270497077778	0.273486777976359	0.264493744894889	0.269576161382456	0.281479733317876
Gene313	0.316987474677952	0.318964882158106	0.317485511430403	3.66498447801863	0.324411103901299	0.323524182944546	1.04870235075675	0.319385939387285
Gene314	0.143718337328156	0.135189821276303	0.14035861207699	0.142217204227855	0.142327113809958	0.140546175231698	0.14644803946858	0.144021508740625
Gene315	0.407932644988832	1.17055500919767	0.379964964182496	0.411642817482226	0.38588170212595	1.33187575880769	0.828136556468104	2.57965897679179
Gene316	0.226436370081676	0.224680832131355	0.228887383810527	0.22890510025209	0.226560815549888	0.224959286912377	0.224838635294219	2.825582485699
Gene317	0.178024887222697	1.18075249713462	0.191357310539488	0.184870378840692	0.180642799779642	0.839935502475705	0.185211824404478	3.96648469845567
Gene318	0.200924334081589	0.195489416557747	0.189135531419959	0.191016131687655	0.214761816052071	0.197645895723367	0.193066427750873	0.199276098073404
Gene319	0.145089167081018	0.142144589710394	0.153345063370002	0.154258790430438	1.64457947258406	0.155550149565094	0.152494883304856	0.155304077008528
Gene320	0.618516378998834	1.74855089210621	0.729871841513489	0.637039329285711	0.5980896053062	0.618529666980407	0.959437678998783	0.352595196710002
Gene321	1.90377969646098	0.109611240337547	0.116217473220822	0.997507620961438	0.0741830727979251	0.114627696376337	0.114135748593997	0.115769922778123
Gene322	0.557878574424442	0.172941854379023	0.176241245253767	0.166922005641053	0.16983902959045	0.173030398524887	0.170933672860931	2.12560556484005
Gene323	0.267970801197671	3.62237991534081	0.279152668430243	0.289864361042141	0.279342184872063	0.285639419966541	1.36540603233231	0.27014005908144
Gene324	0.262463279179387	1.82619541248819	1.08916125986289	0.261271818791446	0.260779612697489	0.271052518844715	0.273825078826212	0.265938557623483
Gene325	0.278510745355562	0.261389989989439	0.26468766727759	0.274896693306824	0.255324853554386	0.2754689561755	0.264553729866377	0.269967172414349
Gene326	0.539725518316923	0.146053570617024	0.814784641405622	0.145195077754142	0.147194171457893	0.149303375941798	0.153066988017614	0.150149231221565
Gene327	0.15415572550755	0.159281691606787	0.156921354410928	0.159154295410892	1.10325770569164	0.153410336141888	1.77462491781508	0.279853752872974
Gene328	0.318719777331297	0.319913805173262	0.314809972399728	0.308627399809036	0.315637615766292	0.462457522839909	0.320220146896212	0.314900162245198
Gene329	0.159963417638293	0.158997081203999	0.473484223097636	0.16137658108316	0.157109431441008	0.947263708880216	0.161453846877322	0.159057523925435
Gene330	0.165556022743988	0.175474288184073	1.38700014049793	0.174741292679287	0.16254367904533	0.173940904408057	0.171107999828714	0.166516051995645
Gene331	0.110451934685548	0.106649412968633	0.107056625258294	0.101806540782164	0.106301338689177	0.107282191151637	2.43289482825666	0.105017167936622
Gene332	0.235111201482737	1.38236383251337	0.226994792443523	0.216054182019285	2.05179894422798	0.234537997949702	0.246927620544421	0.233393256673361
Gene333	0.111007844986896	0.106440448686895	0.103592243899076	0.110124657715718	0.10862601592974	0.105655477196024	0.107229724911238	0.106441174366166
Gene334	0.283085435092762	0.282848162676542	0.277672415641301	0.266298224315239	0.267933281414237	0.954658459576755	1.30921237243722	0.281094892913856
Gene335	2.50180292914842	2.43660712776659	2.62050259768172	2.56334559339792	2.67238280600413	2.62306630425476	2.50408961292187	2.49715652976298
Gene336	0.110099380032471	0.105721400696511	3.21491865751059	0.106309864331332	0.112940334783601	0.110336067589466	0.113474423220919	0.11422217396561
Gene337	0.213044357502238	1.05836454860054	0.216859330558893	0.222354884487881	0.22614319097935	0.215185626896093	0.216143493799885	0.21661141826025
Gene338	0.130419095926571	0.126888784443268	0.132906964916137	0.131665423125574	0.126343705342953	0.135461784366936	0.132618202973001	0.13518998360243
Gene339	0.117979201497183	0.114138984639907	0.115732418722829	0.118917697746317	0.118530271345894	0.122162268678143	0.112617461584805	0.120425983118722
Gene340	0.559215493037646	2.21008144901367	0.710035068199834	0.55889973761299	0.579326874082191	0.434078926691364	0.600920351470674	0.627184776986084
Gene341	0.250084290657845	0.24716660756432	0.239531865094429	0.250852628316906	0.258225310246213	0.243397072443709	1.66631709627866	0.246724186699036
Gene342	0.165549831369195	0.162554215248773	0.163010969052873	0.170490603038369	0.167872930676259	0.161166614098025	0.168483258947494	0.164763862013667
Gene343	1.8112489544524	0.769020014427404	0.789714546739337	0.797449584478247	2.02258081334204	0.767727571019819	2.48219080979089	0.767981176480799
Gene344	0.317539433524931	0.325956083111765	0.3342890368906	0.315112628642689	0.336904490660482	1.18450237510972	0.341604688057944	0.328733179397336
Gene345	0.152606642758723	0.150779047048105	0.148701164714988	0.160470011873983	0.571940754530195	0.158100675036453	0.161231524319475	0.953849890862194
Gene346	0.480894977623525	0.48932109456824	0.490932440980267	0.486030277390226	0.463134862640862	0.460332184220161	0.514744874847133	0.482792990265735
Gene347	5.31269937034661	2.19935039290059	0.199947427274473	0.195037763569755	2.27086820197793	0.191737660580896	0.193348851996616	1.90581979132842
Gene348	0.268601712007806	0.291313058039387	0.266282544433852	0.270109605847365	0.275456234807433	0.273635795157501	0.273050068253769	0.277653917528619
Gene349	0.605760017130719	0.159731155448095	1.21769010626803	0.157595239833984	0.157116946809933	0.171050963268209	0.160382898992723	0.849079200105303
Gene350	0.0798213907773856	0.0849835488383565	0.0850467739986214	1.59839244752912	0.421823530255553	1.68405855610956	0.671503523301981	0.0822141415908636
Gene351	0.171629243362927	0.162632116448592	0.160845633693546	0.171799088864564	0.466308143947532	2.75917527846891	1.13528484331081	0.165972409450846
Gene352	0.624417516459149	0.64609999862394	0.669321090523136	0.648202139483151	0.685438752464109	0.63867235508371	0.643288335989999	0.582852579265285
Gene353	0.127902743940522	1.99503892134747	1.04850708618828	0.634227563432166	0.125843201095129	0.127685099368459	0.114309901796245	0.119259442470737
Gene354	0.0903469952497397	0.0914081452086982	0.0938349005506041	0.0947157396268211	0.0954798427505347	0.0892222820571085	0.0959400467303363	0.0914996855399984
Gene355	0.242788066142465	0.247360978973215	0.251489444858521	0.248774170463523	0.234568687361342	0.245204609292672	0.24781689029161	0.245643916702864
Gene356	0.387952514775477	0.392272608331547	1.56366390560755	0.387391630114863	0.373783422210431	0.290024377710784	0.397865531311466	0.399556491802083
Gene357	0.17698371841128	0.166637662420267	0.173842381085759	1.16380981020402	0.172092039639239	0.169275762541444	0.173594079774044	0.16631321323898
Gene358	0.397917626813917	1.20735360587555	0.406505946279302	2.37058520250243	0.382427950926697	0.413455424181972	0.416005965547944	0.405648169549288
Gene359	0.325210270385129	1.18002654800933	0.681303115572407	0.304160411990356	0.310216936592354	0.273851450570198	0.291997791057471	0.312345530183148
Gene360	0.416419790305769	0.410170388649855	0.408983612564147	0.784003619795842	0.403425466630558	0.516406129075418	0.395959827374759	1.71261506403836
Gene361	0.207041596363805	0.209886896931815	0.223881435679211	0.210302794154192	0.752717507552599	0.203137261046638	0.212776915709119	0.213409832996204
Gene362	1.7778751649474	0.137488136621132	0.136093208424101	0.133672595268298	0.139337924993699	0.320796982035863	2.18434229068016	0.136249232209926
Gene363	0.454275874474086	0.43111739254342	1.32393069628569	0.448617613110121	0.43836449347523	0.450512443681573	0.440897448762179	0.941507798967403
Gene364	0.177367525039837	0.172688326530114	0.173698003878154	0.181348322834338	0.17949387003004	0.174883655058433	0.18502621969838	0.181675825576264
Gene365	0.386065925693109	0.392647595566155	0.398735530803873	0.370355933367829	0.377492101640312	0.399702016401988	0.379876352654254	0.386499134434633
Gene366	0.105653309857064	0.12206272206877	0.107630555663455	0.103493980884016	0.100431560813731	0.105230558629528	1.55456298010631	1.8811874412941
Gene367	3.61242792670017	0.256541724429051	0.26143803551972	0.252400488396192	0.251517927523417	0.272836440492198	0.258179008146124	0.25991130734589
Gene368	0.339947298810196	0.353367895736769	0.342700252766475	0.34255811674216	0.34308353839957	0.340821183579149	0.35713300482364	0.355542331683966
Gene369	0.0991508321513839	0.097503643098504	0.0978569385806386	0.0964080817959442	0.0954356955978052	0.0915442743548746	0.0998451068989773	0.101929460485568
Gene370	1.27764259211442	0.454072844718858	0.442241443590264	0.422890109581277	0.82023933222182	0.432651703566396	0.44913670512737	0.451703658817358
Gene371	1.34282662577612	0.155901959692413	0.154008508485071	2.55004489611494	0.147419719166111	0.152939998322141	0.153070156880836	0.152339874145093
Gene372	0.827567015910623	0.161081167061134	0.162687833144859	0.157674988446837	0.155994426884881	0.158226353029355	0.158401549065886	0.0969687445476118
Gene373	0.168128180621732	0.166757337778964	0.167565970709416	0.171494162515202	0.162091630156293	0.170152839058708	0.165189182599252	0.167449114765323
Gene374	2.13695973231842	0.0836100254721172	0.0808472329097375	0.0793639407533834	0.0843462774289618	0.080042983395399	0.0810503433348719	0.0813284028087251
Gene375	0.296411380314096	0.285573440049694	1.54947191626268	0.27681682229304	0.27094739768372	0.276792361899647	0.269268847283388	0.276070680974421
Gene376	0.231823265981391	0.236740980000681	0.226372664581072	2.0670984339198	0.232086484543023	0.224504924811976	1.02606626589653	0.232841506080154
Gene377	0.149965108000523	0.15533057986326	2.50727480784419	0.157011905402228	0.146214992739068	0.149833380866798	0.158394671707247	0.15119347283084
Gene378	0.781020777376373	0.795781330093772	3.18411533137243	0.781167668501621	0.793115835785543	0.818824491886302	0.796233467071647	1.61050983455243
Gene379	0.259036112340873	0.267062548433153	0.17637846559544	0.260595594467803	0.260246769895717	0.262091001528427	0.259108060545064	0.26036642698053
Gene380	0.204539555479151	0.213876484009454	0.886434894865525	0.213005300766727	0.199779663003576	0.211953812025454	0.205232364248064	0.208838213901243
Gene381	0.07602372537538	0.0758824325170858	0.0754516365634291	0.0774203310707043	0.436356820390463	0.0782354736499464	0.0802771652445077	0.0766705836294143
Gene382	0.179687634584417	0.185657958952655	0.177710281678731	0.189383662091168	0.180678662245152	0.131753429584195	0.270883899645972	0.179854168928665
Gene383	0.187189460460087	0.188317443466908	0.186864941371558	0.176365131371386	1.6617718583307	0.181177770931496	0.911603746769319	1.50605205144008
Gene384	0.122338662747664	0.120982370445029	0.36150151847837	0.27017009815895	0.119979328864218	0.127064589350452	0.120899682487205	1.2637486056002
Gene385	0.215932550848779	0.228095512532477	0.223244011074454	0.219418518127915	0.240685667889925	1.89999193775744	1.345645007074	0.227030633211649
Gene386	0.956778516245612	0.953600310424523	0.979040320009246	0.92524982481762	0.952669766653717	1.32866087841757	0.933140656626223	0.978302701115613
Gene387	0.162996413290751	0.162452717029487	0.166075969630807	0.163160088813569	0.161007840268378	0.156079272019477	0.156931693229625	0.155298654438411
Gene388	0.123533931192387	0.12538523928497	1.86346835105234	0.126454078617884	0.129045108962897	1.62500134008256	0.120748997545348	0.13799528135892
Gene389	0.192849481715842	0.168764872570795	2.03894338747077	0.187316173206464	0.195741108882769	0.657367710462061	0.181646454111946	0.185509859450882
Gene390	0.213455381230882	0.265427028445296	1.08723881904572	0.205924002674882	0.204710806072939	0.201660627335652	0.208157776503625	0.20296673598979
Gene391	0.495734432770452	0.273674567894743	2.71656188530189	1.52829527535086	0.279242797002426	1.09366966146414	0.282368517360094	0.269079581902576
Gene392	0.139348600911074	0.148541085904191	0.143426194997599	0.149157393408726	0.148561141244715	0.143331339913396	0.153578124064913	0.146895031194353
Gene393	0.295039861657589	0.152464005146249	0.163631435915538	0.1651038466604	0.151685879743124	0.150433536696602	0.155003180166357	0.761380092166528
Gene394	2.14845703654174	0.260348714287274	0.262231114181596	0.260762681124929	4.19523904414084	0.266965578569354	0.244786612291054	0.25263646380408
Gene395	0.196217358283058	1.14270011420487	1.49201172457412	0.196897533962457	0.189804693680605	0.209330611812384	0.205499508352357	0.206294050610445
Gene396	0.12228038116014	1.84252292374148	0.12163254894446	0.783837509732249	1.29547376691491	2.58355885746973	0.117642812692202	1.86713754173666
Gene397	0.161044136721948	0.161113756596055	0.152333001038196	0.809785057322564	0.158729727420241	0.155125861939376	1.61192394949734	0.1566954039185
Gene398	0.0924295030614634	0.0964783941459367	2.02183570923365	0.0978557630492646	0.10004368619276	1.25681990138096	0.538456160715608	0.100438321964172
Gene399	0.193244187837098	0.178791973243452	2.26291711619725	0.188242601227439	0.173187227108773	1.85189368228601	0.177056504023769	0.187724732871235
Gene400	2.11275255460377	0.140313329293003	0.137044951250404	0.1374824425048	0.385968425078505	0.771212457630104	0.132904310985397	2.10881751066332
Gene401	0.127633080870536	0.129546851827036	0.13466919115157	0.130686689498805	0.131585874638626	2.21946911147619	0.132165290774707	0.126108871728006
Gene402	0.23721506361	0.244256644191741	0.221424256895922	0.192617328221114	2.7624126990679	0.228268571977344	0.225867360390324	0.236914559367729
Gene403	1.80489100983278	0.243238053916893	0.219285780383408	0.222529771407632	0.738215781783714	1.18134408508373	0.204124131234062	0.225925420280211
Gene404	0.118446797295686	0.122686608698575	0.116304715290597	0.115175455237757	0.113327139419131	0.119689146386299	2.16250787243775	0.121985487185254
Gene405	1.08915789032326	0.339471962766279	0.332581099641277	0.334871550012173	0.324512216670081	0.321189125980246	0.325459982588296	0.346163218288695
Gene406	0.259877313376367	0.253816474770234	0.260406976117844	0.267631662740689	0.65810920434623	0.267761532628819	0.285307985078524	0.257947359874908
Gene407	0.110796843679635	0.110293187977719	0.106919636431997	0.11344981570168	0.106253811028298	0.105585903627341	0.111112869062442	0.105700889817744
Gene408	0.173224642163982	0.174719301269784	0.169392273839058	0.174000559454323	0.177873982101141	0.183191298099436	0.168771582044856	0.166595480730444
Gene409	0.193263767143096	0.198173779342775	0.190572399665896	0.205525220630969	0.205021694101537	1.51086636591022	0.155926964928762	2.55315186457158
Gene410	0.129903805068802	0.129463902776212	0.129846039028141	0.127445667845573	0.132628836850707	1.99343319323584	0.125448957507649	0.128940687010547
Gene411	0.545703052086463	0.582004229449636	0.570163019205873	0.665235508049892	1.42545974419352	0.577747624045375	0.590378495868175	0.559494621620524
Gene412	0.256058831505363	0.263828848487641	3.27680698509436	0.259775074251295	0.2589107596567	0.254416181236506	0.255916309859247	0.251861290005619
Gene413	0.345997871566082	0.332684220653888	0.343010811454536	0.35237687890325	0.836071729705218	0.326552750415044	0.338853214823094	0.178862481912558
Gene414	0.200265526387024	0.197486673598336	0.18662128266832	0.316301169519064	0.205112735554848	0.199629087954439	0.192568639953736	0.196831649960422
Gene415	0.10453183507618	0.103733108457047	0.108405277342228	0.106141171976552	0.102331757980757	2.35884700258332	0.105633201932222	0.106862581822256
Gene416	1.94527572590499	0.171727574973763	1.20505754941254	0.176680979773315	0.174436955233918	0.170910375866904	0.180013766792374	0.180297834033946
Gene417	1.74351000010832	0.130273843900156	0.129558360926916	0.130894879291452	0.134259941854655	0.139531054768387	0.128364013591647	1.25961367251332
Gene418	0.621940836009669	0.652439311850898	2.44207550062911	0.602916375387881	0.626322795182077	0.607145734947274	1.74702255398127	0.575903944692379
Gene419	0.244401183727741	1.28382587052741	0.25057852436342	0.252022759419546	0.259629118319385	4.30516209481566	0.245324887684973	0.234628331621792
Gene420	0.183911409262177	0.166780557643479	0.168957068698396	0.271694873004933	1.75481403118704	0.159464058295509	0.998574678212775	2.0398110102321
Gene421	0.132799823032107	0.13821492105501	0.140189647792822	0.135959173613508	0.132806188603789	0.0849454511583015	0.134501713970765	2.08577147321691
Gene422	0.530293949672811	1.30172467926959	0.228076787804108	0.231047686402083	0.235662887072157	0.23393677098637	1.74844774446088	0.235059867108113
Gene423	0.133614967134407	0.129973538210763	0.129988249643422	0.136074125387955	0.123012987477732	0.132923893848895	0.127176808741653	0.129528316754235
Gene424	0.202878354508754	0.139602021970501	0.13850079299586	0.139317402904634	0.140085725374075	0.131425293724115	0.133803177675217	0.142881694825805
Gene425	1.24856213953046	0.252421201025822	0.307081612260405	0.326916130567529	0.298893168247607	0.331418591967897	0.320459106578329	0.314148092085285
Gene426	0.498042377514491	0.130300949063565	0.124335357686309	0.133464147859259	0.126719041770624	0.129834485757374	2.61829219637192	0.131080499629421
Gene427	0.1714815728181	3.31286096528107	0.166627125649097	1.58220318370822	0.16999094820421	0.163971049354225	0.161364027056057	0.166223671986466
Gene428	0.425550347723466	0.17272986064696	0.178592713414657	0.167759197795934	2.09823390068031	0.1715829277979	0.171011127227793	0.171105331926697
Gene429	0.16439969952014	0.156394538646007	0.15515023620003	0.153556341875029	0.159597460607179	0.166148173122777	0.146693055645857	0.152973071290217
Gene430	0.104448632449786	0.108667279293091	0.101344889031383	0.0541154708443146	0.0971555665332147	0.100874889563352	0.0999720107269315	0.106132244472203
Gene431	0.133883086957299	0.136093826067191	0.134761297472453	0.131138658827879	1.26653597554102	0.133836643508242	0.136739715691706	0.135842628174143
Gene432	0.0886670364925228	0.084711506096128	0.0850352370272557	0.0886040439990268	0.639387853333654	0.0890665620903509	1.23249417522185	1.62689430552337
Gene433	0.352366669291202	1.64420561811572	0.349372510361455	0.354616988224582	0.369832797352445	0.355122177450538	0.37576127001022	1.27314905493041
Gene434	0.201025389583213	0.205791986927825	0.198054972618309	0.200981053842087	0.198763107542298	0.283824398222154	0.209077011044876	0.200921784224323
Gene435	0.999342171374647	0.969039297500653	1.02577180803259	0.995051975489631	0.969610885389683	1.05028006076115	0.735608029772276	2.06085347068012
Gene436	0.239508605735667	0.240817042687451	0.229629428345771	0.241801247210889	0.253429645505132	0.577292530382465	0.216301936400503	0.238133378303154
Gene437	0.307490103707034	1.31994391852777	0.310447278546746	0.310346485038755	0.327150856029268	0.326744471634399	0.314269685959378	0.325987189463174
Gene438	0.170308607617147	0.16260845897806	0.16097201192321	0.171020250094743	0.175297925290564	0.173373422217517	0.171960171723868	1.65658267427633
Gene439	0.159370713315413	0.16327471985118	0.158568222411555	0.312346286690903	0.160096478425243	0.156518100973748	0.160644171557478	0.162789404544753
Gene440	1.88091435994289	0.946926435971797	1.00641272063759	1.87894447010864	1.16704957779693	0.980857165550717	0.974924937003792	1.36900793282405
Gene441	0.127321214873672	0.125870167625864	0.121464600549812	0.127367455396571	0.120682455115651	2.23411591812128	3.34081050639672	0.124463835117625
Gene442	0.317093182740816	0.770650080002049	0.307737362128664	0.309948157381652	0.298703809700137	0.32011476455382	0.309635000874798	0.316507055745653
Gene443	0.739079403566048	0.708290422903814	0.697045824279639	0.398800954420596	0.703012530151111	0.737090389546233	0.721455058985664	0.690447050233266
Gene444	0.157655817274932	0.156744547079651	0.155997548253888	0.161046592228538	1.83286097095734	0.597541935082546	0.154282728262449	0.153579553518826
Gene445	0.421625191359391	1.18464825599907	0.428317253248854	0.246820763870819	0.279779381817513	2.64061314988418	0.394501620985084	1.0504801082175
Gene446	0.166775314348868	1.05118400553584	1.84545578086675	0.170736389850465	0.165800144101965	0.996231844080919	0.164995191236221	0.294267222972379
Gene447	1.24797638325588	0.200580111631718	0.205235000286291	0.203186739403835	0.213360507715721	0.211589791478736	1.00753108322129	0.213752442479794
Gene448	0.128721729967085	0.131289171018254	0.136065528454379	0.134861218341805	0.127949519282351	0.13642917869881	0.86153784084872	0.444724503527002
Gene449	2.63984224200785	1.12922398549911	2.95644185816688	2.9020637633555	0.103102450256809	0.101412451859168	0.105419132549745	0.0979943887774501
Gene450	0.26686705712192	0.277452094735979	0.281114438399136	2.17120096823822	1.76420080898457	0.280661441574561	0.280592506792828	2.0900143926031
Gene451	0.194525451379083	0.42279366712949	0.19776891456029	0.190342004919514	0.186448417132045	0.196826412736953	1.03151515870493	0.194009594646182
Gene452	0.34008311661557	0.34331633057718	0.338419422380175	1.16003720991969	2.29755900904109	0.331685176855334	2.5038081613897	0.32376151124914
Gene453	0.669056033872812	0.673937518829014	0.666073484340076	0.638188951265859	0.64900073203957	1.37976360155271	0.622457638047315	0.647486377204236
Gene454	0.129136373462144	0.126810658926663	0.128362242453003	2.51856809859913	0.118488993851345	0.134056219125845	0.123638209458949	0.125245700898229
Gene455	2.6520973163491	0.252026790302924	0.242432186840052	0.239301005151261	0.233772138640039	0.24104358338187	0.243214059521507	0.246690036086158
Gene456	0.509321470508023	0.516407944734905	0.513481938221838	0.529646150447378	0.530469795982428	0.525057927423919	0.511941754310079	0.50690884266528
Gene457	0.89522007409573	0.142254399635202	0.144501269671876	0.733598670836684	0.144791577052942	0.145701306872777	0.140597250608522	1.25314868511846
Gene458	0.866136730542282	0.113317850194632	0.120809341071406	0.108743872388597	0.36441464473758	1.55615384531376	0.115679686897525	0.107622955990692
Gene459	1.675524713258	0.155714559586172	0.140870660585748	0.153318399000808	0.159333985864486	0.150810618295315	0.160041645761055	2.79251938252872
Gene460	0.286551365413758	0.291390102319744	2.72635640592622	0.57059401879516	0.277978381913767	0.289045270727191	0.288139303253823	0.279525871715984
Gene461	1.32401840949976	0.846559551022647	0.418303001898282	0.658035596024999	0.425594170411254	0.8571398946465	0.421604064860897	0.458568293249193
Gene462	1.45040428911349	0.243022384867705	0.242248753476052	0.311005611983915	2.01206286080035	0.660982133816077	0.244671711616083	0.475428136251452
Gene463	0.160379194069355	0.145083523782732	1.42816316230666	1.03523683526338	0.150773516425003	0.152699434976699	0.158742877310034	0.157552335403317
Gene464	0.119097898548483	0.115469171766994	0.11369965877666	2.69120444438055	0.222095694058052	0.108559738136797	0.110416420557769	0.11459628860531
Gene465	0.216479311857138	0.209296489361097	0.22184113751747	0.206286617724301	0.208031081887475	0.212787787699741	0.21260621988325	0.204304585528629
Gene466	0.258144372653525	0.261862760764149	0.26750754529793	0.272394260822391	0.247722868871733	0.273109016662402	0.266613688183453	0.267760651307903
Gene467	0.196443314198449	0.724484832333287	0.196815216776578	0.199708242514106	0.192981914445654	1.07825643678728	0.191211160073198	0.10415782740079
Gene468	0.111970747522886	0.111534400656359	1.94963273479888	0.113176484214405	0.117186252776614	0.114156531001504	0.118398462100648	0.113963400911456
Gene469	1.4165707074234	0.115352100403233	0.116805885304565	0.111606674645115	0.119069377909235	0.12143007792796	0.119660071779379	2.75928197684486
Gene470	0.454095928810885	0.588005135056463	0.459474695267244	0.458487345364981	1.52430566775639	0.460575046429912	0.503362898467245	0.456551951073491
Gene471	0.154058095584265	0.151419004944112	0.158765537023929	0.158936454713688	0.15496463200878	0.974019488502385	0.157435465086397	0.638692278315256
Gene472	0.372727075203796	0.362044239071335	0.3542806469991	0.350609679502884	0.356002367260725	0.367365328395041	0.370360534282393	0.354861191063655
Gene473	0.647944743417566	1.5327512648512	0.635324047676705	0.697934836595261	0.669353577543386	0.663961264983004	0.585367788725398	0.666579242813172
Gene474	0.247386605517862	0.254643231463473	0.250369019005336	0.244594593661938	0.920478018995604	0.239347959572325	1.38515132046114	0.24452743788272
Gene475	0.456737171125195	0.470569792221661	0.478424564620614	0.467288196907547	0.38414494264225	0.484703635662865	0.459989472554055	0.583132674098928
Gene476	0.213527450090532	0.219476450996741	2.52961059991621	0.21163096004079	0.227050124718001	0.21312496776676	0.214956966777232	0.214310607574832
Gene477	0.355783297634625	0.208523978184539	0.214785150961017	0.908308848388238	0.211309537407616	1.47122135595749	0.213128963351065	0.205428160406135
Gene478	0.318565441293619	0.167998282209727	0.316519966229032	2.57158059156484	0.318391933630663	0.320951546067418	1.00963732449234	0.33204940571317
Gene479	0.118838468034717	0.11764810172903	0.119167659586809	2.58708629871946	0.121588440150628	1.23120114312215	0.118069589972031	0.117170304664595
Gene480	0.482023468540588	1.5669885221102	0.688431427814385	0.977517451321369	0.498712124278597	0.509560020546609	0.420194803655524	0.515430924901962
Gene481	0.170334681652407	0.172805197137471	0.169532312551334	0.174540215548744	0.166618900052777	0.175080729535316	0.16515518836986	0.173925875339818
Gene482	0.196001006623494	0.202366417602327	2.37443642197042	0.192738087538195	0.196079505735994	0.200587649941483	0.196479148675832	0.187209734196286
Gene483	0.111701835873993	0.122392908946934	0.112248640391007	0.115657386502425	0.438439398415709	0.152387933300146	2.414596198318	0.113413609139624
Gene484	0.14676632647425	0.156806245543581	0.147275400628126	0.160455378254712	0.157989761136701	0.157069271800269	0.612009211694357	0.150615092160436
Gene485	0.804145377399741	0.294924669746076	0.291523256857469	0.291882609567634	0.293270119413566	0.286991763660058	0.2861283150446	0.285054618117463
Gene486	0.119727512183773	0.115446353295979	0.116642265865	1.48221505346766	1.94411134302717	2.87890585020865	0.118603035252546	0.124365976819329
Gene487	0.171373774117014	0.170883060716779	1.61901330226903	0.181068153262303	0.172575836291384	0.166657157011574	1.94964753776921	0.173463116917438
Gene488	2.3060789042561	0.175118663512025	0.175397731018868	0.181795951299713	0.933178189248775	0.179089667564101	0.176957015507926	0.166297832400355
Gene489	1.44811739108347	0.320951882669983	0.334553564821713	0.33905781849718	0.350651445658106	0.331907631852707	0.33243867200851	0.324922963050666
Gene490	0.33544992685752	0.304222773580688	1.10690372125118	0.312846308709464	0.298691058433719	0.309961096423609	1.40412014527605	0.305336911609073
Gene491	0.17803808442575	0.185092601446757	0.185300615418244	0.181400095363532	0.184737075710334	0.18668187828528	0.188199606066074	0.17869953908006
Gene492	0.142667090711394	0.141267279726028	0.133010502107688	0.143144722036151	0.144009476421376	0.144219520110891	0.150595039921034	0.792923883497651
Gene493	0.179177177849726	0.170510607155173	0.170946356120459	2.0855148898482	0.161750082907913	0.177422945234108	0.182981600031693	0.173649095380092
Gene494	0.104173690652493	0.100478921782669	0.10387417587324	3.58849692347309	0.108021571683665	0.102070470098573	1.64388199477546	0.499991639155335
Gene495	1.1290507348581	0.127702913320134	0.126799863194144	0.12557154628814	0.124468575574092	0.124080010020045	2.47175758234417	0.130266183456433
Gene496	0.201404492099357	0.203533057027392	0.199445745496435	2.68098394039248	2.71268205957948	0.207308012738107	0.201840493557533	0.196734228295118
Gene497	0.217129823724201	0.216635174961832	0.220251566537797	0.231341633709774	0.21433331095136	0.221652638973401	1.22163955088666	0.224814030618467
Gene498	1.69532249514963	1.70144020588098	2.85912241381118	2.34745678055832	1.71208584290207	1.68622980620404	1.82510535041052	1.78926737367749
Gene499	0.166370507923717	0.158226834808196	0.155432857512198	0.156094918131099	2.07078333323305	1.5886501147492	0.154612906905193	0.165665041085374
Gene500	0.545484512939658	0.551331711249961	0.551160535313689	0.584062770033609	0.55229805442118	0.558055085324049	0.557552170888485	0.532564952545639
