Gene symbol	type1	type2	type3	type4	type5	type6	type7	type8
Gene1	1.77842708128524	3.45453454037951	1.73410413054063	1.73956446297658	2.04275367145736	1.65887568587349	1.81777654608309	1.67207764882867
Gene2	0.489859519418102	0.469553898475973	0.531698509102251	0.506536553732775	0.512127443314952	0.492925198119104	0.5085217749742	0.512588076743044
Gene3	0.881247823914897	0.888211036550331	2.25799336921195	0.846763898889084	0.444128022932003	1.597954299517	0.874281528407228	1.43031220863036
Gene4	0.507492963374007	0.472541147425162	1.84016257007611	0.482473186885293	2.02787863905053	0.501389940100345	0.338025036270819	0.494306664937232
Gene5	0.319579220623992	1.89759221489385	1.89371909282111	1.3159952274313	0.325573368115902	0.909129272517225	0.318972833600447	0.314039313012411
Gene6	3.38323207542964	3.36542371693749	3.41045216866181	3.12255981856916	3.4472592624498	3.35104982930595	3.32474160778757	3.21656216637085
Gene7	1.29075121568643	0.523207148905743	0.520174806222699	0.513268898095882	0.494965671669181	0.501099204623663	0.539876281345542	0.513461596334846
Gene8	0.51004016683635	0.515419857023984	0.376613967035088	0.499951191448839	0.527994482965733	0.522304408269977	1.91493731965631	0.500921309784373
Gene9	0.593355852832103	0.577507341649489	0.823163987384512	0.625529483841257	0.606626123971652	0.598476780404958	1.51019493110687	0.580343916910138
Gene10	1.55045893257114	0.74916698265429	1.55979176868821	0.777025218461625	0.773987758509151	1.23465993229476	2.44581115122276	0.728940162898859
Gene11	0.41427219175846	0.371766376937552	0.378826029862706	0.36542285968762	0.378334317942504	0.363575919409994	0.354222329375007	0.381721300077719
Gene12	0.369825942274616	1.01180898380388	0.382349450045008	0.369330251636213	0.367051210076253	0.35246029461476	1.08070229545922	0.373902258763522
Gene13	3.13049362995415	3.19500873657764	1.84425945336219	3.24305458535437	3.5227416071333	3.21500686297969	3.3237901488876	3.26441395486567
Gene14	3.55688575488956	3.76217950743831	3.64238295782889	3.75536339303481	2.11996910151554	2.0517979862409	3.78099792963647	2.98290653332428
Gene15	1.5364304638179	1.54939794622335	1.50324448678035	0.747189502914055	1.5015714464134	1.50261135159014	1.57177395715655	1.54529303114004
Gene16	2.17254069906729	0.973124036229516	1.70857380645636	0.960015206746108	0.983857092909771	0.921091993161761	0.989488249686665	2.86581435450418
Gene17	0.523061558042574	0.674024191852568	1.02278722769546	0.504243243472301	0.529899188820419	0.51938342806471	0.525930170754852	0.514372193536736
Gene18	0.384339555005438	0.383063646888946	0.389741560941125	0.385974829277424	0.393169777722687	0.372274164397571	0.378959283565106	2.52324743644776
Gene19	0.623933991426779	0.640673661200369	0.637003638310743	0.623010879183565	0.650029924639386	0.616699688575145	0.599465460346194	0.580290561343375
Gene20	1.45282997653461	1.75381899657842	2.14737394514943	2.15535260418969	2.25511778108927	2.52268389024894	2.29453808741015	2.13784313745698
Gene21	0.61645114120499	0.758950089044944	0.719458154583733	0.783732891712931	0.751723730802637	0.753094238788091	0.757838512594148	1.09900003167917
Gene22	0.429215350140831	0.238459307492626	0.428885849864657	0.430319783235083	0.434741478067225	0.426847879904777	0.447426991460659	1.94289514778605
Gene23	0.837112460144977	2.29381806817425	0.850281596272804	0.856656756845179	2.06492871207316	0.819512051173198	1.22560332059713	0.846581508553185
Gene24	0.333614592289847	0.835487420370387	0.346556614389404	1.97988054141703	0.352437575317404	0.343965071727125	0.333444654626843	4.02968701525401
Gene25	3.1532070167232	3.18910889693471	2.90846901298248	3.21791258597104	3.10055188590358	3.16951351857017	3.18474040880151	3.0444239312882
Gene26	0.222937954987167	0.2265270424584	0.235063614884819	0.179053111181584	0.382029723517609	0.715536961205359	0.231330329637801	0.41327856285664
Gene27	1.20668045674428	0.556953114917711	0.578233411530874	0.566712573803106	0.572456627511358	1.85355683378797	0.611621196559039	0.569520973154565
Gene28	0.763417445381497	0.823187602926018	0.791523690679854	0.856804209468639	0.819501219769426	0.876429258062838	0.804841455423757	0.809778000077565
Gene29	1.78409277573546	1.83015408374845	1.74712452190254	1.80451195764238	1.81752400295681	0.955398758045986	1.81745463740699	1.81367949763971
Gene30	0.431791330538148	0.453947617595117	0.47967741510087	0.449594604715248	0.456101953663432	0.452911062957269	2.05037206318033	0.466312382539151
Gene31	1.06307475987975	1.05477007529577	1.09008729241522	1.83720241854708	1.0613965355057	1.04258066777333	0.576814072439155	1.08191710215535
Gene32	2.82178724967101	0.405359742604777	2.15873068479747	0.406144591173134	0.410638663675991	0.399631408421252	0.423627579325812	0.429189273582381
Gene33	0.791800177127821	0.713895491022782	0.711756307793991	0.744093936053232	2.49611819857916	0.780361154510962	0.746059433190444	0.750039671541612
Gene34	1.73480259605648	2.12006213545313	1.38521150974933	1.78539405549399	1.80550307815881	1.82899542894342	1.79920119277286	1.84315856994916
Gene35	2.03622022379135	0.684046676032609	0.73494045561928	0.689606509739445	3.93949208948208	0.708592282888376	0.688556260197859	0.678883927425427
Gene36	0.94712204945895	0.953843643664084	0.93738214503644	0.887152075433082	0.939329885970388	0.947928793193976	0.909769423436232	0.941193465813625
Gene37	2.48618810054498	0.850055317261945	0.820690523879275	3.04008905198119	0.821055457435666	1.28167926817137	0.747570670098539	0.827316888437824
Gene38	2.69324587931544	1.64585320358661	1.59948420674263	1.64215662112638	1.61189067638984	1.59909073094453	1.65907657258033	1.63425221686994
Gene39	0.813179117037339	0.756559556795801	0.753401516312735	0.808153580949335	0.662393400236074	0.895195815468862	0.821989383314102	0.67834809630379
Gene40	0.490976211532372	0.501777177362685	0.50152976926204	0.492906388056394	0.4934945727098	1.61234116233166	0.487232292822239	0.510708316079055
Gene41	1.1562569194651	1.16522945408729	1.59585418860759	1.43610789973836	1.83480741743079	1.14034506272021	1.18907951660544	1.5781762315511
Gene42	0.592654516398219	0.574476372362419	0.561588394725672	1.00250671252742	0.54287303222376	0.565193840038242	0.583664845350748	0.57020250207432
Gene43	1.27364887264363	1.22140596116451	1.23563890639204	1.28541238099828	4.13514862215331	1.24591566554225	1.21722059254347	1.00836968886027
Gene44	1.17321928802654	0.297939296184631	0.302448094345856	0.286822443321895	0.561544202839309	0.305604059368541	0.291333620587886	0.302545841557753
Gene45	0.598788596347761	0.595053593286633	0.675843057290863	2.04798127744022	1.37330760819613	0.554852378071046	0.578878627368507	0.603591687392252
Gene46	0.477524148550977	0.466775669862494	0.475044084645602	0.480388869495576	0.92682210399409	1.26454232346223	0.49685432398141	0.500043131168417
Gene47	0.450326919501985	2.10451002968657	0.463950015855316	0.626325097481446	0.485268395958836	0.451531107055616	0.449849887759911	0.466621870162476
Gene48	0.551875875942031	0.545921611829995	0.565620923442634	0.561475483516575	0.523249922182679	0.544289441524749	0.567694917203927	3.60152411526591
Gene49	1.15748525472134	1.14570748757915	1.49869035299761	1.14969824210673	1.13926291098517	1.14467788191283	1.13669343197154	1.60792476112763
Gene50	1.16409751612232	1.15191918397921	1.12056088960454	1.12309730951257	1.16959404371657	1.12138349312332	2.24920037908941	0.658069350053545
Gene51	0.424877511439171	0.424826175792956	0.431868051398268	0.40764198758087	0.424359590930124	0.41466978526583	1.70387299191852	0.436447554497427
Gene52	1.42017941186738	1.09984449361111	0.847543780250955	0.997460551410976	0.89729738511413	0.438006563345508	0.843774278241792	0.91650205081663
Gene53	1.39459762580346	0.745480693249909	0.76059593297451	0.748498489475288	0.77199741875618	0.796187315767841	0.730458499693257	0.778309635224399
Gene54	0.968060334858197	0.953635109123931	0.976667635776244	0.977559873444343	0.960960716606574	2.01430878044628	0.976899868587895	0.985150847767078
Gene55	2.16449062734172	1.97834566226104	1.95760973379157	2.02606339261686	1.98554391762304	2.01424431060154	1.8674081456551	1.89850068492447
Gene56	0.773699722509985	1.46712809510387	1.27022984929549	0.789529319195181	0.81928582905933	0.771430969742222	0.772553533616317	0.785310906333703
Gene57	1.02175320823714	0.944526250709303	0.98844419301198	1.01459768718426	2.21856269312466	0.955558187475377	1.04646091876829	0.953403530957018
Gene58	2.14135825086999	2.11632452472001	2.19617218647578	2.80550504663359	2.13595077828898	2.19725753935397	2.15157014443526	2.25429594866137
Gene59	0.318077061511517	0.309859117025094	0.335559312467317	2.5407804118666	1.14337820163339	0.31715646916525	0.315372588310471	1.36980497590902
Gene60	0.935596527196896	0.919386125126074	0.895689953346208	0.912750704440341	0.874873865307852	2.393960561545	0.938899741141027	0.915991398038703
Gene61	0.461185578802235	0.468570998856305	0.465111577404061	3.20181633232517	0.481169782806493	1.97987108184125	0.382153625377547	0.478747127560529
Gene62	0.596786516257618	0.611764601078868	1.3589028406331	0.571302496328245	0.58222591988065	0.588129916203395	0.572311883824644	1.42412023147406
Gene63	0.474097001295104	0.458442401751082	0.462517977173392	1.58981598467765	0.469575810466942	2.5004136162403	0.484968755153932	0.463658201264592
Gene64	2.35572949802771	0.436961269371021	1.08771608137314	0.430055340274658	0.420231655387239	0.419939067053173	0.392474522768146	0.434722045503124
Gene65	3.05754194805323	4.15128762141146	4.23763068085696	3.97454867684701	4.24489542733554	4.2783314818925	4.41849915923562	4.25173162277794
Gene66	1.01828854639446	1.18022673091162	1.49908440444525	1.09577115347091	1.04731075747494	1.01367532890528	1.0948781482111	1.07584533531697
Gene67	0.584984094923522	0.584663233475297	0.591470879186509	0.59218751902137	0.586694958700924	0.572103080263509	0.471602475886217	0.578762551603714
Gene68	0.843256640451625	0.831011787292918	1.11590121136425	0.800659592677156	0.795643346884507	0.832133196137269	0.849786240368983	1.86778859995763
Gene69	0.738961499288896	0.772854270738113	0.757834874413633	0.530874194414618	0.728920144824837	0.775142255688648	0.75677974704582	0.773061438807796
Gene70	1.57189947946735	2.47840222879622	1.76967352683105	1.37478108427675	1.84426656880139	1.85320588852609	1.79165433677816	1.81895046827922
Gene71	0.322131095322549	0.359854955995529	0.372988658423639	1.11648660848897	0.374522048948818	0.364327139181128	0.360453032263999	0.361266605569532
Gene72	1.12176512965397	1.11294050981825	1.12503904495715	2.3362077491859	1.1524535991939	1.13843374463254	1.42749032627026	1.75181056766506
Gene73	1.1835359903521	1.17583929960175	1.12919401061511	1.22005856861585	2.24914058337925	2.10919920192361	1.1529888757804	3.44534803014435
Gene74	6.491888134487	3.77169482874311	6.28827675886262	4.0009088809752	3.47541328793601	6.65458916497421	6.46804804100273	6.25109842364733
Gene75	0.870519165064148	0.811070435613432	1.07162942068237	0.867472845314221	0.825952827260117	2.13441285009496	0.846965379943175	0.84080954690353
Gene76	1.16994351977513	1.22135343866461	1.19766764855121	2.47610068598215	1.16134035464782	2.34677193181264	1.19957774722452	1.16786016416458
Gene77	0.708915640938644	0.654701831270801	0.692908472370303	1.00707874255391	0.672644125741994	0.699258298948875	0.605682439692627	0.85102372740891
Gene78	0.504142886159545	0.517667603542658	0.500375304549703	0.493157486194091	0.516621085008619	0.499998640144443	0.489548958861865	0.515735280756602
Gene79	1.44370119917703	2.04722715512351	2.07041234978182	2.00739401766795	1.47425996514185	2.04524753902832	1.78988706973564	2.07997501791282
Gene80	0.536109641643245	0.38730412888944	0.378535501293011	0.371377723419898	0.389436604888344	0.391020457467157	0.403232554295447	0.379158514894932
Gene81	0.58022120185321	0.577011447120265	0.55270514083817	0.576366421417715	1.28666163817459	0.593754238742268	0.591828803385551	0.599519633846849
Gene82	1.24751631503631	1.2477218991401	1.22170882098314	0.749870735922772	1.2802936932725	1.25749548013525	1.24240044260048	1.17606765486595
Gene83	1.9532515914315	1.71940450382727	0.760042801083418	0.83464706375603	0.741163549246424	0.642639616565674	0.736853741582031	0.758142072071952
Gene84	2.0416810300622	2.05258341794033	2.86908242302877	1.98832706070611	1.5338408132646	1.93752964621053	2.08180947416142	1.48186384367671
Gene85	2.13033420127984	1.92675911176703	1.3086937405737	1.39618168660212	2.07269968928543	1.87806619543521	1.95976026438591	1.90092829067902
Gene86	0.656584163907182	0.507601732617161	1.29795488717913	1.52307700901863	2.83442578851184	0.496978528943128	0.509934785380512	0.510824895085482
Gene87	0.731253222288786	0.704340438712907	1.23251248288207	1.19644692282705	0.726125211730515	0.732349678640481	0.70736714919995	0.729566532069148
Gene88	0.559072542479232	0.552224474839183	0.567218814002066	0.85868508699295	0.542135253204365	0.543528906430716	1.51867205246275	0.559262724956908
Gene89	1.93703812156919	0.403364928946671	0.421550203034116	0.425342991318356	0.413693466715877	0.394379389474359	0.424948532390985	0.406409437261724
Gene90	1.94206125733024	1.89429080942523	1.99310057685741	1.17286325605546	1.95747198601835	1.86309404439593	3.45245250005615	2.64783539722474
Gene91	0.376774660111951	0.840233629551526	0.377628234818143	0.39691930599389	0.402929656888901	0.708203070311403	0.394235881837434	0.390670116833653
Gene92	0.96839805388569	0.963822683672773	0.931040772873021	0.954688281641382	0.998156429015178	1.00916901426912	1.41902672318143	1.04525799698331
Gene93	0.588048832585545	1.61608285232887	0.585148826314182	0.600807369968006	0.593419170435064	0.599143624680442	0.426528974364922	0.591490783942643
Gene94	0.774005687002056	1.75492971489512	0.780631686934523	0.806702506971811	1.08261624242467	0.808476338920053	0.793199542951674	0.787256602093956
Gene95	0.401732346116548	0.38525497607735	0.389659397952174	0.397808746205265	0.378328661608563	1.76938867581352	0.398632890077566	0.391003607808505
Gene96	0.92570461106658	0.972408762323835	0.890927486890261	0.847041143779988	0.900715082794258	0.899179350010144	2.41847079950481	0.883676285316433
Gene97	0.632436188169691	0.650390372317807	0.8180277180024	0.610362464065041	2.50541002563925	0.651367704054402	0.638917271164411	0.633548734164481
Gene98	1.23784367000048	0.380343247067136	0.385164911479542	0.721574273985928	0.386245777484039	0.393266917883801	0.386610736024709	0.372914201119062
Gene99	2.06621754503106	2.16068141433011	2.10332912584544	2.13981983988425	2.12929885096728	1.7779702675068	2.40561585608465	2.05059185818416
Gene100	0.769872315887501	2.44792146411012	1.56514746982966	0.819108168108884	0.775291476341172	0.757032320224965	2.92436511193418	0.763905804279782
Gene101	0.705461134807269	0.69127936296841	1.41985293269997	0.692088342468497	0.667387416740609	0.668215502597893	1.20861040016988	0.315306155957938
Gene102	0.745182410072984	0.762110224864331	0.722796050569663	0.760404095430182	0.745598659038632	1.24494772754661	0.736790492152387	0.778881861025548
Gene103	0.617278042446838	1.02886023335196	1.85072749496966	0.625068163168224	0.649565049747482	2.82062951118782	0.658718117170039	0.73680580249862
Gene104	1.26488474177907	0.427786262658261	0.429635855910767	1.235979213585	0.553641251299088	3.1438385663209	0.455992539260622	0.442194539019087
Gene105	0.632016430757767	0.670740258980357	0.622157230964294	0.646580120649426	0.665997249788901	0.646199587156316	0.637829147926462	0.626156218722537
Gene106	0.311002368384948	2.56570615867339	0.32589372231989	0.310527313996574	0.319426035317871	0.309507298531606	0.31854305908279	0.313671208580244
Gene107	0.617384576195284	1.10690422594519	0.655534662477275	0.641119600126155	0.66557326199373	0.624560245733827	0.650955549416929	0.66046072676667
Gene108	0.70380989803012	0.698582879832123	0.697806021558979	0.690841679585634	0.889930494634534	0.689378199663271	0.694612509535412	1.47652319761875
Gene109	0.872256842687662	0.882150229036242	0.8641951767787	0.884043853803525	0.893952036254884	0.890748712367996	0.898282359978145	0.869009915232063
Gene110	0.751921332795425	0.755248996588119	0.765923479628595	0.763650223232145	0.767929871429198	0.669654407102258	0.757397258978304	0.784599516733018
Gene111	7.78907568110347	13.8697638551257	14.2728830407419	13.4638105524838	13.6771828834507	13.9436774690551	7.70707072756484	13.8739259086445
Gene112	0.541528089692853	0.54006962696097	0.52920811646712	0.53491339421017	1.77859760151594	0.550233244403531	0.5682855242836	0.5550055368543
Gene113	0.412130919751877	0.410603334976968	0.428068692534473	0.411909867703961	0.427891187791083	0.395210788318157	0.428496166503218	0.432744408903841
Gene114	0.964543204289754	0.941741457013388	0.927172928845445	0.600469953772318	0.967022066808481	0.920957228956473	1.96081006854874	0.939313469913203
Gene115	2.05506442815926	0.715672556940259	0.733554044706623	0.70493769048672	0.720893896714492	0.678691495088167	0.839637109170234	1.54693781723822
Gene116	0.445783908283807	0.637060198966446	0.657446130781033	0.611243168152235	0.661449226708972	0.604600884691315	0.660281222312739	0.663817023682286
Gene117	0.502257519495923	0.544690861744539	0.519719307275557	1.13929344964784	0.634019371864277	0.532902150110821	0.515592964274422	0.537691477174781
Gene118	0.559691477785219	0.551895946914413	0.565450582792597	0.549497080761254	0.557176677088179	0.567712566342974	0.562655704136433	0.556534346074042
Gene119	0.996107911782796	0.597633543669819	0.594990227168044	0.566123815971691	0.376162631587818	0.604159206279056	0.606367388631176	0.585902402229358
Gene120	0.87654017055421	0.872391500152847	0.873653823996768	0.871331128935668	0.852469869438638	0.832377216729807	0.842348086712826	0.906479153936631
Gene121	1.2650875801101	0.707535568933624	0.880412896017861	0.736808163713968	1.27802777185794	1.28197225280284	2.12138758640664	1.27279007085423
Gene122	1.512544454416	1.43554311161312	1.54438129587664	2.04051658171425	1.50884204444872	1.40897626057781	1.47632631478446	1.52070309304575
Gene123	0.396323523846579	0.373247763284391	0.396255833239964	1.19223125691879	0.392878314985225	0.374207509178847	0.370890088164953	0.39894239706316
Gene124	0.758647459221409	0.416923498055092	1.50082337887211	0.751612215443921	0.748410173467575	0.761599152557957	1.44209802016714	0.741887119228496
Gene125	0.703020586361954	0.706854087663093	0.686895561939709	0.673300233545679	0.727700093178701	0.665422820187224	2.35626543465082	0.68988525664481
Gene126	1.3355091576497	0.410410367271464	0.418944331843509	0.411190892135162	0.405426154218824	0.401484462267774	0.419944000281515	0.424872599805386
Gene127	0.628688711283057	0.6679510359254	0.674750821350753	0.675674728774036	0.649877276641708	0.643344177019778	0.666403559554474	2.50941888813674
Gene128	0.377132592152136	0.385307954657078	0.360644627395655	0.385456287602822	0.355163907732774	0.360266286319849	0.401577920356917	0.372327101185766
Gene129	0.597458842021834	0.606907170374836	1.49325441840133	0.911697584763831	0.59926876931028	0.416170862637268	0.607765992860481	0.612366740658922
Gene130	0.549557072206451	0.55101204153359	1.01326389033381	0.556812647673212	0.579283228041949	1.90067980337053	0.394671454015972	1.90693052016391
Gene131	0.683731285095227	0.668624370932419	0.670364404422832	0.624238123022593	0.656861453644717	0.692293404832201	1.35786345211355	0.68060572898796
Gene132	0.176325205614418	0.938236979284004	0.462499729936959	0.311793154226354	0.29578666983576	0.327925157087511	0.311113442532308	2.36886884095902
Gene133	0.584916963902789	0.601280660450028	0.551187195368928	1.14996871625519	1.69134267969414	0.588717824642629	0.569168476522319	0.769297714753833
Gene134	1.53501134697259	1.604124757454	1.7094530634091	1.57888840840892	1.26602836282601	1.60301483265272	1.60089085732858	1.63620763441225
Gene135	3.11166212656665	2.40467005621155	2.99646577596715	3.06117262770474	2.91257606665985	2.93777484257304	3.01356616163004	3.13389959801022
Gene136	1.19469663567968	1.16254182130696	1.24303634499489	1.23189021710264	1.18346201871256	1.26106702206378	1.25489420489119	1.25063718172722
Gene137	2.75397785836189	4.53060170933066	4.49390023214206	4.69928208075434	4.58530876079732	4.42524264301441	4.51444404867362	4.62748858423846
Gene138	0.382129532534338	0.396237655523444	0.408503315971064	0.392502867263422	1.83356758573308	0.452243575178044	0.408301782614718	0.404251963558332
Gene139	0.685015770626662	0.684840834831444	0.635437032665047	0.819687577381729	0.647938920401229	0.750925743200767	0.55286687610802	0.635646594250079
Gene140	0.639135338883859	0.644486092956405	0.63953907941179	0.635577537078603	0.644881355876935	1.17238279233304	0.635167562091368	0.661859886325961
Gene141	0.689752647933316	1.01470286050196	0.690465227143411	0.675010114348482	1.48807920914154	0.682938652656942	1.03625311635207	1.62674271513054
Gene142	0.501122191168395	0.480950520679492	2.59913712184448	0.477608417057178	0.477922816163531	0.483272539358539	0.454475631808695	0.274300948617731
Gene143	0.367065130840997	0.370045097194388	0.349606757485301	0.372476340645623	0.378481877486157	0.191078690705093	2.29837457906497	2.39901155708063
Gene144	0.834992706418437	0.870528000704794	0.868899512450563	0.879435735323621	0.924193392710445	0.887270444571227	1.04161435263543	0.899824357138471
Gene145	0.905952730455565	0.688866196034081	1.12804327433628	0.68496536942244	0.697207321323244	0.709427890516456	0.691554382354119	0.708712860581237
Gene146	1.37125605461223	1.39733926777123	1.00027987693251	1.41408374893989	1.37763129038497	1.40342778084671	1.01833149293869	1.42929872381367
Gene147	2.47619589036426	2.26102122491302	2.47761761723403	2.42028400621626	2.40765916207376	2.49085344258543	2.46259907080857	2.40650686588328
Gene148	1.59991686111121	2.24058563971678	1.52166552912106	1.60168655805355	1.60160604088425	1.63688032571443	1.57411488819753	1.75387459717591
Gene149	0.535166638973215	0.97863620714692	0.696774740713955	2.13839746818655	0.57665879998747	1.3817438547151	0.555275874281078	0.547644428891189
Gene150	1.99385782396852	2.02494648957641	1.5475227670431	2.03148061482762	1.96190871947732	2.01789746464042	1.97001782254951	1.92680521432207
Gene151	0.902697284060086	0.876270146834241	2.38433350564219	0.912774849034666	0.942652809607343	0.967479178974387	1.96000449904259	1.61405541588007
Gene152	1.12719059643509	1.10940998300064	0.574497801651943	1.08203849638908	1.08511794147946	1.1464552431424	1.10221510780757	1.07550102714888
Gene153	0.584174688413481	0.683271417376504	0.613571957857712	0.401283205853346	0.608860056450468	1.43870662248083	0.618562587522247	0.817889552772649
Gene154	0.763505606149128	0.403773765633734	0.395044628861674	0.404068641119068	0.394646089970024	1.56038931377861	0.401423243856223	0.404145215382827
Gene155	1.23352766701581	0.928810432807655	1.22868619159106	1.27075611951288	1.20005939397563	1.20248019756137	1.212753139315	1.26715158882108
Gene156	1.0467918560992	0.855165779557457	1.0796201728776	1.23611333941391	1.11585576043893	1.1166036317553	1.06865119593574	1.07354130681432
Gene157	2.02202630572502	2.51672827429662	1.71051794328663	0.393461215371749	0.383775792076318	0.378055196724488	0.398999747421514	0.385594981678868
Gene158	1.34028739232511	1.35520237576915	1.41683890890536	1.4169629812874	1.45010488372892	1.34026613683132	1.39939339517021	1.96886439136727
Gene159	0.298675214306212	0.310532031935765	0.311136198122016	0.30017159574409	2.29269874568768	0.340838670991062	0.522680316167345	1.58738495303779
Gene160	0.339335969847107	0.71979285867992	0.474210722976131	0.853629846985798	0.480021323102246	0.487967138273134	0.497843245731315	1.60279294107363
Gene161	0.529410661853854	0.695658436331174	1.12796902922877	2.83464116198232	0.514008176339466	0.548513569366119	0.512884008018221	0.518590180077423
Gene162	2.4545936142088	1.05388361605722	1.01813914018336	1.08218603903989	1.08081999982776	1.06117126432845	0.99982333288397	1.00357638938424
Gene163	1.15538479264184	1.12484647509198	1.08549648659229	1.10281407803092	1.13569744851398	1.10888175262598	1.07087739366992	1.11120913251478
Gene164	0.736405756585956	0.394903238126247	0.423315741517516	0.313468215503444	0.402261607996359	0.385821448566035	0.407371761900942	0.412360932730403
Gene165	1.94526585639538	0.450093054239195	0.861135981680044	0.865687963170798	0.849819846740681	0.866679559845495	1.06376336108163	0.832497573552487
Gene166	0.493976041315994	0.505791735173582	0.484931985415765	0.487614584114775	0.598815079767292	0.492651165533115	0.47976689010932	0.483812495504489
Gene167	1.81622823998989	2.95865027326457	1.17908665503799	2.14240987122522	0.677608110153388	1.17309822242135	1.12148256306155	1.19566120865037
Gene168	0.418569900109551	1.75578573848732	1.46354354578868	0.431099861061567	0.413200231350182	0.414528033001784	0.424764759074092	0.448939072430273
Gene169	2.56370442909112	0.728650005622621	2.35190558224194	0.706399332404148	0.686756516912249	0.735645287853856	1.27512413599669	0.741559823009474
Gene170	0.459191849690171	0.419246512364525	0.432312572282293	0.427267172123584	0.404125504487214	0.430944939534216	0.418236196708746	0.410089228023583
Gene171	0.469759875312575	0.478849899990984	0.465209033494402	0.473063339881748	0.472552155984554	0.270133432908611	0.498576150670527	0.916651938532872
Gene172	0.971941396772964	1.05101668613161	0.975132935481465	0.934611352121018	0.9778346185608	1.00448628460815	0.702161190160324	0.932911823480423
Gene173	1.19530531644014	1.28590547079966	1.22055325238181	1.17341209145543	1.19413587763727	0.597425801663298	1.18312235101916	0.882081018952576
Gene174	0.963517147033272	1.88076185687202	1.96843104024345	1.88341128888545	1.48900830295528	1.78914915233676	1.81081130060605	1.85556264357785
Gene175	0.713834074842243	0.728331039546452	0.71419682138931	0.745300134246566	0.760639839482068	0.748407599116891	0.730323663380077	0.721791209783876
Gene176	1.0647832231144	1.08770318264487	1.11905808211266	1.07733987430104	1.07343010466995	1.09354876812824	1.05164607791682	1.11384032137256
Gene177	0.478956406646258	0.622455443249078	1.64502442176155	0.473646876265381	0.488520674475357	0.482785266130331	0.474332872236662	0.471219141600235
Gene178	0.879917933213776	0.894871191899815	0.900003502863223	2.31392946418329	0.887907820150345	0.888928019432659	0.877738191161106	0.872435189765786
Gene179	0.70969019487801	0.825879481617667	1.2912304580452	1.60082368377185	0.840725006035805	0.78832608942831	0.772216590064632	0.822136646555458
Gene180	3.88802825449252	1.69031602230248	0.354437647199998	0.513194170054732	0.517472582319919	0.298395714034812	0.527541336193006	0.508004561939904
Gene181	1.57049266976626	1.38542061718471	1.54086154739608	1.49984406695047	1.53670921257648	3.4167749762559	1.52114610343229	1.5296560227577
Gene182	0.532514512238772	0.909472588744679	0.522568399885115	0.538738448267469	0.509835033133841	0.529118445124883	1.29331514996344	0.498175946078776
Gene183	0.613496546810878	0.611665145446628	0.626825594713774	0.59404382854754	0.667442663590907	0.605137950016787	0.608175922872283	0.617838488457414
Gene184	0.452919821149768	0.423952515206904	0.431907638176286	0.428126825844889	0.450590007189098	0.437832679838002	0.65504575694808	0.42354994790585
Gene185	0.696323466462375	0.680321179131047	0.681772438090922	0.663864612720962	0.666029221954613	0.647565860941958	0.675177230428815	0.695217179716311
Gene186	0.507045387836553	0.581160677781008	1.78624891570823	2.40265137154192	0.544712873205713	1.56731206360881	0.563315616765175	0.541313346170947
Gene187	0.425680000352411	0.416934894636805	1.43093654099055	0.444651350861843	0.440087940752746	0.409729850893357	0.427296987414883	0.40975704675177
Gene188	0.294878270481457	0.294057086660409	0.288486589967816	0.29637646078031	1.68306556618556	0.281614258998885	0.305567015721481	0.809126151938665
Gene189	0.709115814324365	0.701669551521142	0.688365082199796	0.692876704963699	0.688651217525135	0.705665758758856	1.6024276562652	0.704313019335873
Gene190	0.906622237693843	1.3349061856355	2.00878423000841	1.31569741953885	1.27765178624802	1.3426863070619	1.33053142527474	1.50189930528331
Gene191	0.321715024124319	0.306540523995125	0.31230293830215	0.317793760816771	0.318621655794162	1.1402721406707	0.328262424848447	0.305221927514996
Gene192	0.457622697355246	1.95179331471235	1.69764459329483	0.443423587830721	0.4284511226768	0.418336390958821	0.95472529405272	0.453525947364612
Gene193	0.533292785934755	0.501548419154387	0.519045932791362	0.527658284412593	0.547278138353123	0.531279869117668	0.554220200038916	2.20096648044924
Gene194	1.57527425787291	1.47930162531074	1.48743073839508	1.48658227724885	1.44556165308214	1.50058391003211	0.774306784365149	1.46205234148648
Gene195	0.511173263551194	0.896972887052988	0.913553807868163	0.508624198101146	0.496876321098122	0.525976197887072	0.507011270989188	0.553016704322736
Gene196	0.821720157337329	0.775725722256168	0.803475640665591	0.809030302353872	3.87259803889783	0.82576008381532	0.892355780832864	1.84481406560304
Gene197	0.989676979238751	1.07437369447286	1.03349876221964	1.06558781987992	1.03206580593513	1.02315644679835	1.067074497245	1.02779290466545
Gene198	0.260875377960601	0.36168228001924	0.356172424476913	0.357946434928575	0.343048593721168	2.86832219663445	0.358313856384285	0.34017880724231
Gene199	0.508766637587084	0.502142812248892	0.504344641857265	0.519778923288196	0.487396212052079	0.508331020802359	0.488574847087698	0.526988214516102
Gene200	0.401309085933044	0.402326756006358	0.402604198142335	0.413426431561335	0.416723042808744	0.405307072673742	0.403241385837846	2.0945105213928
Gene201	0.420073671580379	0.445904955366235	0.436789803122406	0.443832987362174	0.426806798697884	0.426172770713321	0.466889689304214	0.43728646080831
Gene202	3.20037992327503	3.31318905334673	3.35762108231842	3.37833674951282	3.2530551485748	2.20683744486281	3.24055795397478	3.30970446158968
Gene203	7.61112878922583	7.4153676160211	5.13890705564493	7.40703779462468	4.17162606173403	7.7473655966206	7.5955417504381	5.10010135741874
Gene204	0.265751433709212	0.41758065980085	0.407920002005365	0.443230906300996	0.41357766720054	0.406939829748502	0.437176617094707	1.35644558385105
Gene205	0.533879794748492	0.541967073003809	0.544312252932281	0.527418047412439	0.548608906974296	0.513339188842634	0.52552282753116	0.547603150160713
Gene206	3.15228142539135	3.20867224541346	2.97157295962447	3.12762460877943	3.09090647027279	3.18926818439671	3.14801594365355	3.18369514417458
Gene207	1.58859274905282	1.83117846365935	1.85370001458717	1.82847825464106	1.63117979270881	2.17303294246935	1.75039474838193	1.80325104751525
Gene208	2.18103560674433	2.2349910914318	2.21274917154645	2.67233248650656	2.7733468104644	2.1114232692202	1.82772244178156	2.25007005266142
Gene209	0.567920720090161	0.573335630615097	0.587256622983616	0.575442773636933	0.568258891901019	0.553148445026471	0.583271658855322	0.581207483408657
Gene210	1.78506511262518	1.72551837621831	1.504562903222	1.6027798208209	1.69534551303301	0.869991184374161	1.76292071917526	1.82888738148215
Gene211	0.272724469909926	0.270552480835274	1.31812261501576	0.280851686415571	0.268794987115258	0.282763742047026	0.281287375114306	0.281529584298145
Gene212	0.355571226075684	0.347759253526803	0.365237630640954	2.48892279842611	0.356983764589394	0.362945770983733	0.363273395687254	0.348077252046982
Gene213	0.530804370263821	1.10027665479682	0.750489644772909	1.94341308266909	0.74329389908689	0.821785231369336	0.834422454470769	0.463408330356711
Gene214	0.310433964914432	1.85642761173133	0.310542433489577	0.313882130474423	0.310391231600189	2.60335415084091	2.31669064425759	0.311076142655309
Gene215	0.957245752733581	0.666413005054533	1.02737825944367	0.975638628460731	0.967245707154348	1.47510038737407	0.863241139714848	0.599557068726937
Gene216	0.931690784386737	0.908396944025892	0.933101209591473	0.950145210909186	2.18861033571675	0.940207804580365	0.964693477186525	0.882090453915889
Gene217	0.731585806203803	2.03580666059355	0.71769207632982	0.676129511813076	0.69850337236252	0.722949009235121	0.59416697144113	0.688052647392106
Gene218	1.20511234693697	1.17501008215266	1.06535786990613	0.609162735264833	1.20861081152373	1.24672985302525	1.2277065919599	1.11699211887197
Gene219	1.24621214592946	1.32294781122213	1.32865926986325	1.2764416247826	1.26866655720006	1.33263282341147	0.770279155735023	2.67281085845836
Gene220	1.83377882486909	1.49516809264095	1.89380573136518	1.88565949039102	1.87275654439565	1.91011803790996	2.58608367533886	1.48049017772602
Gene221	0.275390324350548	1.22888984120175	0.274200952088556	0.261748151170199	0.22636271147254	0.266170812164156	0.267973644957763	0.284993881217591
Gene222	0.584279346664853	0.626274570881178	0.598135334122277	0.676709137312418	0.631062225264895	2.43083375098672	0.439768982378284	0.609927667234918
Gene223	2.01849512315276	2.05557026734994	2.06417873190116	2.12759342256756	1.98742101146012	2.04323363599628	2.08444638107642	3.41854594691348
Gene224	1.02387870825143	1.00809176722266	1.00362179003618	1.03809982502079	1.05029616697781	2.28184537688636	1.02275616577401	1.00981546143719
Gene225	1.55954488381619	1.58473159566272	2.6458806598707	1.59814491368033	1.48593580582826	1.59251055016772	1.61827556665877	1.08291372461219
Gene226	0.516147461951138	0.535784916410114	0.497895299249083	0.504788937167382	0.525825491153498	0.523482759960729	0.532347282015111	0.52054326702205
Gene227	2.16479631844781	2.2193592077583	2.15561716265861	2.12494349548723	2.16067395661481	1.39470384942589	2.20675907102951	2.19307897907203
Gene228	0.584130966776419	0.585588808496923	0.61073694128618	2.59713987440396	0.622771241153201	0.589446830446097	0.555850379452181	0.614318053319344
Gene229	0.613034865462243	0.514605198364568	0.581161257304228	0.659963461553419	0.6115255662205	1.76780524734627	0.586646640477728	1.09084872808103
Gene230	0.587420613918101	1.52563762478004	0.578444268163414	0.619328594150801	0.49973743078395	0.584735439969233	0.653483210415894	0.581565028438713
Gene231	1.09535691115712	1.69808743982259	1.63915409754859	1.71199326415205	1.70853150510373	1.31150695063367	1.45704982682508	1.69171548557424
Gene232	0.595907456685721	0.588363577562845	0.578645459288339	1.48441210894465	0.594149830590566	0.597057073254744	0.604583571716591	0.596005915634865
Gene233	1.26390926973707	0.914039609543858	0.872795222250848	1.39531673404298	0.892589015669006	2.46289759301968	1.10472612039064	0.882747787133933
Gene234	0.992924300146223	2.4293764372681	1.07147491998406	1.94930110975737	1.03701718613171	1.04569872993568	0.999876262995799	1.08948357511567
Gene235	0.831481739971794	0.843439336801178	0.817924801361176	0.857438519732068	0.82738312566434	0.840408919160358	0.866574713249362	0.848504698676542
Gene236	0.554378557191781	0.542263480401282	0.567275778600769	0.51740974492405	0.820902233676143	0.527355842333887	1.32753695976155	0.553864268719171
Gene237	0.562044417969583	0.530334505607483	0.500050643144284	0.353938723705929	0.539925924693581	1.14970220253309	0.517809146875028	2.24057008025506
Gene238	1.10019651903753	1.13112370710807	1.13497941775886	1.08334581002239	1.5581280976643	1.14944013874549	1.12320128385645	1.1421020511807
Gene239	1.89796277757347	0.97466238754398	0.949314361845733	0.940566179436619	0.964407806770026	1.25221855087216	0.947704616274354	0.97865479746427
Gene240	0.791224740683453	0.753196633232049	0.754448026580158	0.790570081217459	0.785615163565956	0.73638020868486	2.53615565216773	1.21189783894291
Gene241	1.31619816793918	1.2788283342826	1.29934377972956	1.34784029941632	1.33189318859942	1.29098180493358	1.30524161390655	1.28879635811428
Gene242	1.60741467070698	1.48080908140111	1.56668519225175	0.836903830266291	1.57199057224091	1.27864988246505	1.6094733259791	1.54578281225738
Gene243	0.796705368741443	0.774285713367495	0.756097694510336	0.769753216886433	0.75746980198808	1.17083288715539	0.781114467810485	0.784535094946067
Gene244	1.33315261967947	2.40372730289396	2.45043482398161	2.47833294365835	2.35972682340916	2.52927842109976	2.00705708683353	2.46894200571562
Gene245	1.50059871609089	0.655212118453609	2.94804674032486	0.676146459792848	0.63982041406284	0.6490942512013	1.49173415257695	0.607671177048053
Gene246	0.33996754438859	0.343059231898829	2.04861610620831	0.351372995931548	0.345280885689986	0.346408899341354	0.326487089301741	0.347809387153936
Gene247	1.41555458126528	1.55320871856955	1.43522785737613	1.50246457635418	1.92928316187489	1.36850099680118	2.10306956765482	1.44674669882737
Gene248	0.793020854055943	0.825502494156305	0.816109861176776	0.822364718451198	0.794252460312947	0.806760191670993	0.82944426394381	0.806545320679379
Gene249	0.485787910213706	0.484055034362804	0.483500439531038	0.513412021807542	0.471164376241811	0.475809782348598	0.501284873027726	0.459182174904638
Gene250	0.562535521844552	0.355337142921777	0.355368702719636	0.362477024182056	0.35161518664346	0.33342972896107	0.361601343270942	0.356064742132032
Gene251	1.41210072450489	0.754681949455971	0.653301292454885	0.77885173277745	0.735026815989103	0.761801621921359	0.740854091122806	0.716034805428895
Gene252	0.535634791097868	0.545632464647568	0.536562228333355	0.527629996386105	0.542328462704178	0.535529277845632	0.738306142303023	0.536643084524374
Gene253	0.382560542216937	0.395898525344024	1.2274026864026	0.406082503788724	0.403517183791131	0.380435598587482	0.379696956547042	0.377923945363099
Gene254	1.60156131785928	1.53421480689632	1.5487866960869	1.47085020928113	1.47529073355553	1.55069035320992	1.53423111824367	0.747926201055266
Gene255	1.04514220971726	1.2573920865537	0.594978332796178	0.594151159220031	0.562204783019345	1.36092916582025	0.579260540485539	0.564669665906992
Gene256	1.17579167289656	0.413061834502324	0.428103179786471	0.918317272927592	0.420523986524574	0.401208667773378	0.390074884861787	0.410051478337679
Gene257	0.360867664661725	0.365103811072852	0.377117861411286	1.08952224676179	0.268046418140793	0.377609780900767	0.373698842215585	0.353696440648303
Gene258	0.385946234512076	0.401482432849426	0.394588560002661	0.386041847844714	0.385675486354713	0.403854716420718	0.604514970946376	0.389580588637068
Gene259	0.67602093123007	0.668840938353844	0.654686518305242	0.863080601307444	3.02820723173493	0.651286957586033	0.671407010938478	0.636856311976
Gene260	0.609739802496557	0.603025990952043	0.600208968843064	0.635853973561825	0.595433277796813	0.63490173546642	0.660693263244369	0.617626812377036
Gene261	2.46106229253015	2.36529833202008	2.33806023078519	2.37758550336179	2.28521788602656	2.40053987464207	2.5145013878871	1.26023678008147
Gene262	0.819779983152921	0.796406123516385	0.801984980078993	0.845819687717258	0.790454464170162	0.872335835888936	0.807708103639974	0.781334884991958
Gene263	1.5237398411265	1.63384936952735	1.57858147327332	2.57627549376966	1.59319031047871	1.66378359151855	1.60252631997386	1.67337238453145
Gene264	0.437074248696369	2.29786671286645	0.44677724892068	0.420709194936771	0.433116205500556	0.431758657730941	0.426513548651226	0.392274001503201
Gene265	1.04730739786574	1.04415062491721	3.0149359629981	0.969308476601153	1.04012086970324	0.992260434788417	1.03049073209501	1.04197624128209
Gene266	0.680000498636546	0.668195558582201	1.48810633459397	0.648888875630127	0.687935911879215	0.847420940043073	0.658803199433202	0.637357008836867
Gene267	1.97584666394415	0.376429846141356	0.366951305021865	0.391710725296978	0.371633605507508	3.32898249819208	0.375676341382549	1.99499195796191
Gene268	1.3973481217993	1.4170738333853	1.63666649964118	1.47490975500123	1.40384508328838	1.387984949023	1.38289845202939	1.4670551266099
Gene269	2.99640467251845	3.15297207818441	2.38457106553926	3.15871220143225	3.12530556606218	2.49069758031288	3.1624144392712	3.16609140718228
Gene270	0.309763385350546	0.337451952627888	0.307337770419985	0.317105834890267	0.305159750183479	0.314970039687654	0.314383658034782	0.319684965969282
Gene271	0.882912239075106	0.523326818236748	0.494741632008902	1.20212674824452	0.511399794528154	0.527424485176201	0.53615651318246	1.68318415956757
Gene272	0.337513118995588	0.33888122131759	0.352015289926456	0.34831742617403	0.268305184188305	1.46617010819554	0.356498924696093	0.338527208273685
Gene273	0.353660360619195	1.2669639143698	0.335361406625965	0.336771664626669	1.58136697205662	0.353751520855561	0.337752834786545	0.355242215153778
Gene274	0.851109984077883	0.633522624543195	0.610162505177664	1.89193874301225	1.19768162555371	0.612634082276808	0.632205938454337	0.625810160757751
Gene275	3.14444627569107	1.75409598970626	3.1657452487287	1.72980968618306	1.86186881510082	3.26773452760254	3.18998125417587	3.10686927859508
Gene276	0.507812532663087	0.490280506382491	1.31219361196788	0.510281763891324	0.51165451817397	0.51776510851092	0.511943851093768	0.502799671820642
Gene277	0.892703943111244	2.73603892695708	0.8369275234197	0.853187854036815	0.812435099593577	0.847617641476131	0.815953187650144	0.964013785161515
Gene278	1.33948969852221	1.36905348143179	1.37374856938245	2.37256301155956	1.43296097376838	1.41462702057327	0.989439679587428	1.41972686432339
Gene279	0.609231929418664	1.7194618458988	0.598427420555222	0.587811104260009	0.604164920689569	0.608951095612784	3.71184910771837	0.580717438789467
Gene280	1.61380667853556	1.64972078609632	1.65324852718468	2.99495988495309	1.60601350736876	1.55635942484428	1.58513557938765	1.63618270334103
Gene281	0.984875449898265	0.993844740529091	1.03185942065707	1.01934471072181	1.02742587807051	0.974625395263553	1.04338257157276	1.00883840430528
Gene282	2.41638481428677	2.37625624631242	2.4694339561271	2.44698817358592	2.46885772295987	2.38810999574432	2.36142204148097	2.20033037785141
Gene283	1.63534762602031	0.349807197852366	0.361484095390419	0.353338899751511	0.36133636161856	0.342943541414509	0.345458625079403	0.34711280767451
Gene284	0.309010947276374	0.307689079067691	0.312917211807859	0.299306865806119	0.310328915493336	2.14611234167912	0.293280864648039	0.310912162638495
Gene285	1.58493680015451	1.55113522351724	1.55418098939763	1.62095316764268	1.59329465805015	1.59439394546361	1.55868291989222	1.59890822438162
Gene286	0.606301302058088	0.657887710695165	1.4898647982436	0.613549905796873	0.633517307767005	0.577270324935991	0.585362704610787	0.635817952308518
Gene287	0.893504171686425	0.927329631625774	1.5217531591309	0.895930562860852	3.43773783108663	0.92166396451311	1.14044460600552	0.914598713073392
Gene288	0.569447575994782	0.543522237323579	0.572578105004011	0.560410338409232	0.562089247688509	0.55892276429514	0.567706317785144	0.578909994692412
Gene289	0.503234954108046	0.52599432032791	0.519549900894867	0.531948024205473	0.545624923006178	0.518324115794758	1.97312645400871	0.544467544187189
Gene290	0.789028763522286	0.485616444694499	0.607698233044016	0.651808893286329	0.639105560721551	0.621470971328198	0.633318705374372	1.79507290157127
Gene291	0.711105504011471	0.713993119214766	0.678403082532532	0.651604534805167	0.663888731619072	0.664252908694548	0.461652903539977	2.43586280365395
Gene292	5.45070826946666	3.01788736734009	5.42118118665639	5.40765287835501	5.61292529841254	5.22201716892503	5.2166218948081	5.18182941859187
Gene293	1.29165127943922	0.442803606984846	0.519835508097594	0.761820418938784	0.683182360450737	0.874649854876118	1.23654298641921	2.13036704261114
Gene294	2.09684160692295	0.775168953842253	0.802738688664528	0.835374452877095	0.815593180346255	0.777114988284209	0.796521961036778	1.6698516534345
Gene295	1.47584847163754	2.12668167111102	1.56698999482899	1.52494501083541	1.49456478784946	2.28726361962959	1.45333994611999	1.50900224964771
Gene296	0.755239153960121	0.728548720657153	0.723385032091854	0.746420177232126	0.736426151881237	0.748354030050361	0.776404287853235	0.752015194947084
Gene297	0.680176028266457	0.660676889487887	0.670815065249094	1.40253428585028	0.329911969506826	0.629140411281529	0.653352749565608	0.913796628393052
Gene298	0.545324392371941	0.511271278085507	0.512309778886884	0.489513436209173	0.499141605814286	0.65428364029295	0.531754803523615	0.585616405010708
Gene299	1.38905425437342	1.14963262720747	1.14986818730029	1.13452084530961	1.17174475300694	1.15231688915523	1.12858907708799	1.17001281346178
Gene300	0.552775645073871	0.532299674373696	2.03287575273009	0.546157664975444	0.5512811668407	0.523875337727398	0.530218283846272	2.09955928871608
Gene301	2.14251103728456	2.18120066155094	2.07319989937391	2.1793173849298	2.05031854067731	2.06840372234075	2.10982792105289	2.18263039220441
Gene302	0.373724998167581	0.348768660128953	0.360158571883144	0.340226273881303	0.35729960210542	0.364093217512613	2.6041134869903	1.06225970002411
Gene303	0.816375207754032	0.780109616633341	0.747589789110165	0.797197144678348	0.776409348034691	0.749093335377914	0.768340802503745	0.818724151661596
Gene304	0.650543244987118	0.641227271916666	0.668672731115452	0.680583786090887	0.63767404614284	0.670996366393048	3.95650918712974	1.22318525493465
Gene305	0.368209689795065	0.381137269115346	0.379294039612227	0.374215286307026	0.275442314389239	0.378414344186298	0.376522771910589	0.393249569610238
Gene306	0.502773484318554	0.841340307260951	0.52272092337574	0.654368356118341	0.532297728819173	0.533950828562432	0.544914130808815	0.530854210366299
Gene307	0.298570168481746	0.300316264216282	0.309115412024409	0.296610844340773	0.296724914138497	0.297990612530895	2.81042251252654	2.41191049040434
Gene308	2.19163693779744	0.714390870936265	1.37293322751575	0.831986919884887	0.681784262419239	0.354831798521538	3.18561465305283	0.691012879831276
Gene309	0.360809362410677	0.349834869966938	0.357867791294117	0.357596390044776	0.341294693515805	0.357005751030625	0.269097963494517	0.329332823628176
Gene310	0.660239766048792	0.61924912806284	0.680130314612582	0.661537611599467	0.664259565092704	0.633437943053913	0.685653367487967	0.648523788479996
Gene311	0.473730653726136	1.10780932103505	0.458223406614044	0.47863048559687	0.757206283126922	0.455135343819163	2.64850660152359	1.78861394382359
Gene312	0.851629036383029	0.836017358268522	0.897296818844943	0.898942242354018	0.864841128346071	0.83640266073538	0.852474672853686	0.890117072461273
Gene313	1.00240240972728	1.00865552122682	1.0039773402235	3.66441553093245	1.02587798657764	1.02307329624976	1.20950454734437	1.0099870210963
Gene314	0.454477287489371	0.427507751704209	0.443852903383304	0.449730287821351	0.450077852437473	0.444446030157309	0.463109363586948	0.455435999674224
Gene315	1.28999629010158	1.41046342708406	1.20155471788098	1.30172888569281	1.22026508610064	1.5828686379056	1.12295570379291	2.62009518239799
Gene316	0.716054674558903	0.710503176117027	0.723805460518415	0.723861484825789	0.716448205682941	0.711383727450418	0.711002193533656	2.77626554943751
Gene317	0.562964123818329	1.23304903872142	0.605124948228924	0.584611469034786	0.571242690213431	0.854599539346028	0.585691214713309	4.00237910113929
Gene318	0.635378533050418	0.618191814779915	0.59809906575341	0.604046045967654	0.400081795337866	0.625011200669973	0.610529651405098	0.63016635314305
Gene319	0.458812231792742	0.449500660554979	0.48491966819206	0.48780912686277	1.65714004103116	0.491892763005546	0.482231162764931	0.491114613257137
Gene320	1.95592052775625	2.04801932476876	1.39745912353551	2.01449523964885	1.89132539763872	1.95596254804353	1.5353269464654	1.0012926156169
Gene321	1.89269586076524	0.346621176622772	0.367511919287423	1.00387205239131	0.198161165718068	0.362484603487455	0.36092892800539	0.366096640520678
Gene322	0.646722664083255	0.546890162610878	0.557323752666243	0.527853729429201	0.537078169098557	0.547170163785282	0.540539735058651	2.14933338028006
Gene323	0.847398078204816	3.61039147843553	0.882758247153347	0.916631593402543	0.883357550763549	0.903271156623647	1.44474418376334	0.854257873949804
Gene324	0.829981764363512	1.84165242732492	1.13749195118299	0.826214035795751	0.824657543460632	0.857143325075011	0.865910929565974	0.840971559750142
Gene325	0.880728308154739	0.826587725935241	0.837015897154004	0.869299672098329	0.807408080480797	0.871109326183687	0.836592349870663	0.853711158304723
Gene326	0.60161321023456	0.461861943550039	0.842286886645522	0.459147150748335	0.465468840108289	0.472138730328467	0.484040316717361	0.474813559583412
Gene327	0.487483206959575	0.503692935041972	0.496228893457042	0.503290072897701	1.11705965055042	0.485126078820414	1.74163783592083	0.40755487214717
Gene328	1.0078804317086	1.01165627927887	0.995516542917884	0.97596553173197	0.998133781046557	0.767802014990166	1.01262501686573	0.995801748251388
Gene329	0.50584874204176	0.502792917923383	0.553313992908987	0.510317557233629	0.496823645247654	0.957875271820515	0.5105618931284	0.502984054591101
Gene330	0.523534112229642	0.554898421458441	1.43399085119757	0.552580486148653	0.514008245046626	0.550049436199081	0.541091005334436	0.526569991285264
Gene331	0.349279685578487	0.337255056100778	0.33854277442732	0.321940549574459	0.336154348582776	0.339256076412736	2.41823257906773	0.332093444100131
Gene332	0.743486900104207	1.40124822434337	0.717820561118712	0.683223313185538	2.09645710160097	0.741674271376959	0.780853698126158	0.738054281612115
Gene333	0.351037628305496	0.336594253020867	0.327587438648763	0.348244744928104	0.343505623487711	0.334111955211416	0.339090163592808	0.336596547820214
Gene334	0.895194747312889	0.894444426051699	0.878077276827476	0.842108925694587	0.847279430231848	1.07281631936495	1.39180702699804	0.888900100248909
Gene335	7.91139551298987	7.70522828674333	8.2867568230621	8.10601050529329	8.45081644684496	8.29486397508526	7.91862664200252	7.89670230801306
Gene336	0.34816480987507	0.334320423624288	3.2119976999038	0.336181309030503	0.357148697618119	0.348913281648998	0.358837633552003	0.361202229027315
Gene337	0.673705412354253	1.14318710530374	0.685769416425456	0.703147883845345	0.71512756083319	0.680476700722844	0.683505741834118	0.684985448901777
Gene338	0.412421393507952	0.401257568370868	0.420288726035083	0.41636262616662	0.399533876908916	0.428367774510107	0.419375580593195	0.427508265024495
Gene339	0.373082993259047	0.36093916128108	0.365978042284456	0.376050778981835	0.374825629130818	0.386311013156378	0.3561276829145	0.380820396120149
Gene340	1.76839466085299	2.46765225698012	1.26852159911681	1.76739615452753	1.83199243184529	1.08426239048001	1.90027700299624	1.98333240906078
Gene341	0.79083596550636	0.781609441440254	0.757466265886579	0.793265662521075	0.816580129881648	0.769689124739124	1.6954162981867	0.780210383821574
Gene342	0.523514533383447	0.514041563447398	0.515485945798298	0.53913862525687	0.53086081842453	0.509653583327163	0.532790845882023	0.521029080048884
Gene343	2.33436743908539	2.43185481184614	2.4972966690638	2.52175700610612	2.41955708599402	2.42776774693131	2.8189305344318	2.42856971781506
Gene344	1.00414785685841	1.03076363982032	1.05711475339835	0.99647362599371	1.06538554442605	1.29445580553486	1.08024887365443	1.03954558936432
Gene345	0.482584577189208	0.476805212101698	0.470234371219226	0.507450733676052	0.636343878314218	0.499958232725317	0.509858847470369	0.972398151119348
Gene346	1.52072344462605	1.54736916600229	1.55246469076383	1.53696268835655	1.46456102977435	1.45569818241593	1.62776621841526	1.52672548760322
Gene347	5.32311629400013	2.18367979072036	0.632289282478207	0.616763562625837	2.23715315115379	0.606327720667915	0.6114227552881	1.8993881538425
Gene348	0.849393193365265	0.921212775553288	0.842059341555964	0.854161572368009	0.871069097685642	0.865312362048976	0.863460130946346	0.878018780658986
Gene349	0.659880175857099	0.505114264506394	1.20288635216709	0.498359906275886	0.496847410930916	0.540910639893339	0.507175258557729	0.88844992780371
Gene350	0.252417400858897	0.268741577973363	0.26894151348523	1.59287556180225	0.431561271139228	1.67607271286167	0.675034775257688	0.259983943302708
Gene351	0.542739322118187	0.514287908671284	0.508638554164728	0.543276420753694	0.551966051768611	2.75804479044503	1.15121841010447	0.52485084261073
Gene352	1.97458156291659	2.04314759188331	2.11657913204085	2.04979514496092	2.16754765433094	2.01965932064834	2.03425633394807	1.25601351440834
Gene353	0.40446398983735	1.99710574581294	1.05617381014154	0.644815235777673	0.397951143507203	0.403775737269257	0.361479648786307	0.377131470689347
Gene354	0.285702284741591	0.289057935550894	0.296732009755297	0.299517467488221	0.301933773726406	0.282145629338436	0.303389066490853	0.289347411495569
Gene355	0.767763277717799	0.782224097804376	0.795279453244248	0.786693001683718	0.741771319817794	0.775405058136532	0.783665815981555	0.776794270145728
Gene356	1.22681357068063	1.24047490602283	1.64616043804004	1.22503989764844	1.18200696579733	0.684778545680679	1.25816128141727	1.26350856800098
Gene357	0.559671658945521	0.526954557214289	0.549737878097972	1.17044227076917	0.544202812443975	0.535296962292776	0.548952680406948	0.525928558816445
Gene358	1.25832602186087	1.37222755385944	1.28548467264464	2.41703273491904	1.20934336583946	1.30746085136609	1.31552637134904	1.28277214445391
Gene359	1.02840517289621	1.29211987211592	0.871462241823867	0.961839675944714	0.980992088391872	0.631833355347468	0.923378091479554	0.987723292351617
Gene360	1.31683500013594	1.29707265689002	1.29331974138656	1.09304158602086	1.27574334066882	0.862697359865708	1.25213491643133	1.90982879700636
Gene361	0.654723014906859	0.663720645329541	0.707975262574792	0.665035827824791	0.844163818505837	0.642376422555574	0.672859687146478	0.674861147344161
Gene362	1.78706300284849	0.434775662975183	0.430364512700172	0.422709861793668	0.440625207421792	0.407459561683367	2.1965127410516	0.430857903232544
Gene363	1.43654644940286	1.3633128993501	1.50977402823521	1.41865345589619	1.38623024472775	1.4246454362821	1.39424015264587	1.26734014238214
Gene364	0.560885362072831	0.546088437158043	0.549281317279727	0.573473750008031	0.567609455333161	0.553030675519876	0.585104281097592	0.574509404612466
Gene365	1.22084765217154	1.24166071977768	1.26091246137647	1.17116829439989	1.19373483990717	1.26396875719226	1.20127450362479	1.22221757849705
Gene366	0.334105101483841	0.224015980538914	0.340357701726054	0.327276703711418	0.317592481137103	0.332768244721195	1.52476541630461	1.87982464475988
Gene367	3.60437158519459	0.811256164063062	0.826739659242319	0.798160425870866	0.795369523339151	0.862784580648337	0.816433709784917	0.821911720845066
Gene368	1.07500774866207	1.11744740250909	1.08371335345748	1.08326387988309	1.08492540905248	1.07777121494449	1.1293537228626	1.12432357272838
Gene369	0.313542461499426	0.30833359235543	0.309450810766023	0.304869123323	0.301794168171569	0.289488413708745	0.315737951023759	0.322329255806528
Gene370	1.48978984450094	1.43590441294355	1.39849023746611	1.33729594623503	1.15354866952391	1.36816481682181	1.42029496898591	1.42841238929445
Gene371	1.33562917867037	0.493005284311789	0.487017665858191	2.54085800395537	0.466182084587291	0.483638740040296	0.484050337542736	0.481740980761891
Gene372	0.851530580760158	0.509383376071276	0.514464100335188	0.498612093532739	0.49329769124883	0.500355661434645	0.500909679947115	0.264989885772931
Gene373	0.531667989624857	0.52733300392757	0.529890125778815	0.54231215897111	0.512578740943522	0.538070521769579	0.522374061835091	0.529520594837352
Gene374	2.14429365775569	0.264398115716585	0.255661398516893	0.250970816867351	0.26672634883197	0.253118138244499	0.256303690076842	0.257182991339207
Gene375	0.937335086186941	0.903062509806583	1.58581353541533	0.578786170092808	0.856810902775985	0.875294302540495	0.851502860343549	0.873012147072882
Gene376	0.733089535120226	0.748640712302524	0.715853220077515	2.08665792645644	0.733921905297414	0.709946908330692	1.08593693376919	0.73630949303723
Gene377	0.474231310834791	0.491198422642588	2.51373999747839	0.496515240833936	0.462372405120438	0.473814753062577	0.500887931829531	0.478115741496239
Gene378	2.46980455642464	2.51648152253461	3.51360793812496	2.47026906694849	2.5080524894304	2.58935039829078	2.51791130519908	2.16180337722449
Gene379	0.819144111232411	0.844525930777795	0.445719478749748	0.824075626723832	0.822972546572207	0.828804519064502	0.819371631431211	0.82335093549839
Gene380	0.64681086691249	0.676336827418455	0.974408738659486	0.673581904112068	0.631758765272175	0.670256804755622	0.649001720605191	0.660404418409367
Gene381	0.24040812839734	0.239961321148015	0.238599024727676	0.244824583387728	0.446254163856916	0.247402290555917	0.253858686274352	0.242453673803368
Gene382	0.568222192654799	0.587102016028439	0.56196925373488	0.598883723831777	0.571356097286953	0.321996722626022	0.456975534417858	0.568748820491268
Gene383	0.591945049031906	0.595512044495426	0.590918829567952	0.557715514968394	1.67282470842719	0.572934417535775	0.987662358332972	1.5330473630914
Gene384	0.386868820181813	0.382579847332531	0.430355054726871	0.360529389058058	0.379407951349312	0.401813512301404	0.382318365050739	1.25489515292003
Gene385	0.682838681652268	0.72130134366611	0.705959548987128	0.693862278103157	0.761114910691017	1.90660420202045	1.35162349441352	0.717933899579078
Gene386	3.02559932765255	3.0155489583851	3.09599733236934	2.92589685109547	3.01260632060687	2.29131492233865	2.95084985224396	3.09366477662029
Gene387	0.515439916436915	0.513720597896002	0.525178328654302	0.515957503886237	0.509151496392652	0.493565995122536	0.496261587672439	0.491097465584796
Gene388	0.390648590882464	0.396502941105728	1.86313773271389	0.39988290785051	0.408076465227365	1.61083420072627	0.38184185742538	0.274287515935977
Gene389	0.609843607805059	0.354582770998801	2.06516013925267	0.592345749919031	0.618987735796567	0.74423669207081	0.574416523887006	0.5866336842825
Gene390	0.675005183509144	0.457032815668054	1.11564929822531	0.651188873351233	0.647352408839515	0.637706896759074	0.658252686427735	0.641837174977806
Gene391	0.744622711094467	0.865434972209779	2.71487470579685	1.58626491914167	0.883043258723705	1.18672197293759	0.892927654382691	0.850904350657964
Gene392	0.440658967636808	0.469728157571975	0.453553452323862	0.47167709302536	0.46979157812728	0.453253494210134	0.485656670821042	0.464522875535639
Gene393	0.408882396389122	0.482133517453781	0.517448034296978	0.522104205902049	0.479672868874667	0.475712612435786	0.490163093895125	0.783947991566444
Gene394	2.24943022553643	0.823294923044207	0.829247594177526	0.824604001126973	4.20803711872924	0.844219285143795	0.774083235556299	0.798906645631579
Gene395	0.62049376863577	1.1649989079432	1.47819228936583	0.622644672991723	0.60021514262128	0.661961517323682	0.649846504438245	0.652359067671054
Gene396	0.386684517619584	1.85369896208498	0.384635892276403	0.791677578177535	1.29998656564429	2.62034714364871	0.372019238455923	1.87058580693742
Gene397	0.509266275856917	0.50948643322951	0.481719246089492	0.845343261245005	0.501947471025645	0.490551047725253	1.63898309935005	0.495514375262532
Gene398	0.193738843906854	0.305091470496615	2.01416828628242	0.30944709340942	0.31636591388826	1.26120088781934	0.544792007039669	0.3176138617721
Gene399	0.611091778154636	0.56538986280519	2.25602896211593	0.595275372553515	0.547666099312581	1.89083612748099	0.559901827261878	0.593637729019782
Gene400	2.10981445784023	0.443709706647113	0.433374187778017	0.434757656598314	0.456420883329051	0.812256036602946	0.420280333569192	2.13968977613432
Gene401	0.403611240335359	0.409663115477779	0.425861374691556	0.413267598683432	0.416111071763443	2.23560868040693	0.417943346466512	0.398791267814513
Gene402	0.750139896309324	0.772407329275238	0.700204981001357	0.454644071729667	2.74253496931988	0.721848605682491	0.714255307923521	0.749189618457206
Gene403	1.80282527007767	0.478841692539382	0.693442524499041	0.703700924844733	0.856273587109313	1.2387688880519	0.645497180102753	0.714438909416264
Gene404	0.374561661006639	0.387969121889325	0.3677878029357	0.364216769098082	0.358371881275906	0.378490313782016	2.17348031744909	0.385751980990684
Gene405	1.21512855694753	1.07350460410931	1.05171378158984	1.05895682162945	1.02619773322752	1.01568919777634	1.02919483221776	1.09466421196633
Gene406	0.821804222474662	0.802638167948603	0.823479163129459	0.8463256282386	0.823778204347438	0.846736312884561	0.90222306748147	0.815701173631836
Gene407	0.350370383585278	0.348777684410693	0.33810957772223	0.358759817743641	0.336004052922538	0.333891944269433	0.351369743593373	0.334255562530572
Gene408	0.547784416105821	0.552510943205666	0.535665403366378	0.550238082019205	0.562486919923627	0.579301749517092	0.533702603571722	0.526821166998896
Gene409	0.611153693356595	0.626680515246797	0.602642842108142	0.649927813802489	0.648335523107166	1.52521969116626	0.361019802441032	2.56203648689717
Gene410	0.410791900739942	0.409400807547426	0.410609228480041	0.403018588313295	0.419409207867108	1.9874549414706	0.39670443581785	0.407746254020216
Gene411	1.72566457069872	1.8404589729121	1.80301377828889	1.20774461290703	1.71133210255904	1.82699840473405	1.86694072852774	1.76927734293494
Gene412	0.80972912255823	0.834300073680414	3.33294232003589	0.821480913973451	0.818747711239607	0.804534606309553	0.809278429540624	0.796455330845959
Gene413	1.09414133971923	1.05203987886432	1.08469542625891	1.11431353211561	1.03088232553654	1.03265046750404	1.07154795131131	0.548760289065601
Gene414	0.633295200195547	0.624507696100982	0.590148313093997	0.49769225869584	0.648623421461119	0.63128260515811	0.608955508174706	0.622436329483925
Gene415	0.330558686837809	0.328032891493542	0.342807586783686	0.33564785696554	0.323601432188305	2.36224397503676	0.334041514642321	0.337929155204434
Gene416	1.93599720801814	0.543050273974423	1.20920333928702	0.558714315313814	0.551618086644011	0.540466063494892	0.569253513250285	0.570151812742293
Gene417	1.73844200856472	0.411962066269727	0.409699510447217	0.413925952613795	0.424567214782482	0.4412359373938	0.405922652550416	1.26737607937309
Gene418	1.96674961165982	2.06319426048173	2.62363101164708	1.90658898483879	1.9806065832585	1.91996339409028	2.06585818738367	1.82116817870356
Gene419	0.772864403420942	1.3027574502425	0.7923988697124	0.79696594196642	0.821019360790603	4.30511833562918	0.775785411809506	0.74195993153017
Gene420	0.349574861319583	0.527406431586398	0.534289163872472	0.404233764012737	1.73059377544757	0.504269629147678	1.03756695125489	2.02690994242056
Gene421	0.419949913648745	0.437073957154196	0.443318591402115	0.429940657412952	0.41997004335387	0.22152120901652	0.425331765344109	2.059044137977
Gene422	0.647809709313511	1.3270991147214	0.721242130875896	0.730636937142896	0.745231483119065	0.739773024782125	1.76606227229271	0.743324566558133
Gene423	0.422527625633267	0.411012416296938	0.411058937931784	0.430304166841282	0.389001222211406	0.420342260020953	0.402168381175236	0.40960450243113
Gene424	0.321904609220936	0.441460355391649	0.437977963606412	0.440560310878002	0.442989959858921	0.415603270324837	0.42312279962188	0.451831591594638
Gene425	1.32787083954305	0.557261214244017	0.971077322299567	1.03379957644239	0.945183188726355	1.04803760954454	1.01338067373017	0.993423493585817
Gene426	0.550829551184462	0.41204778032245	0.393182923980461	0.422050693208743	0.400720794909189	0.410572693829995	2.62337036796742	0.414512935661828
Gene427	0.542272346853215	3.31858883653344	0.526921237018209	1.58107935529655	0.537558577937014	0.518521986287232	0.510277857914176	0.525645404513958
Gene428	0.518372560949194	0.546219779567877	0.564759747900023	0.53050116347785	2.09880487677503	0.542592859441585	0.540784667272663	0.541082568687489
Gene429	0.519877497130934	0.49456295573261	0.490628125905203	0.485587789488583	0.504691484297687	0.525406656143945	0.46388417277073	0.483743325948398
Gene430	0.330295577031096	0.343636109699819	0.320480678556185	0.165833424589721	0.307232877608987	0.318994409738139	0.316139256163889	0.335619625717978
Gene431	0.423375494959446	0.430366465859118	0.426152640452445	0.414696851195844	1.26349730688386	0.423228627878034	0.432408948189657	0.429572108373654
Gene432	0.280389788693639	0.267881303287003	0.268905030378414	0.280190588938699	0.638188215308536	0.281653199566317	1.22680431305022	1.62550115177391
Gene433	1.11428124648751	1.78410679961077	1.10481288459297	1.12139737977879	1.16951399306522	1.12299492838219	1.18826146970982	1.41808732884205
Gene434	0.63569809860564	0.650771402903525	0.626304815396138	0.635557896681929	0.628544134646654	0.44878616905747	0.66115956128199	0.635370469693747
Gene435	2.07517209728253	3.06437132231158	3.24377527297199	3.14663063279727	3.06617884192388	3.32127717306529	1.81919430295003	2.83798140474735
Gene436	0.757392713335975	0.761530354278341	0.726152011375067	0.764642682255846	0.801414906405272	0.731190197973555	0.443691175774934	0.753043862348488
Gene437	0.972369085675613	1.42242454848749	0.981720493608444	0.981401756549835	1.03454184352632	1.03325674323298	0.993808007177474	1.03086200674047
Gene438	0.538563105202087	0.514213097180726	0.509038197217124	0.540813516311016	0.554340713020216	0.348889968857135	0.543785809481107	1.64823838683384
Gene439	0.503974446402428	0.516319999055636	0.501436747344672	0.438253534554307	0.506269517195776	0.494953694121263	0.50800147495247	0.514785297303985
Gene440	2.65672768765225	2.99444431429648	3.18255646338152	2.75254924035449	2.1416038352743	3.10174270243711	3.08298334862815	2.29453375962695
Gene441	0.40262503346051	0.398036419164918	0.384104792819948	0.402771258833069	0.381631431786497	2.23593890052263	3.34798101651999	0.393589205291346
Gene442	1.00273668797297	0.960385958650127	0.973150985458622	0.98014213389835	0.94458438442193	1.01229176863861	0.97915184607259	1.00088319167015
Gene443	2.33717428698748	2.23981098125995	2.20425243823316	1.18472483901006	2.22312081891531	2.33088447238686	2.28144121584583	2.18338528248181
Gene444	0.498551468964107	0.495669779583192	0.49330756188431	0.509274040850551	1.84304099558652	0.67825384318033	0.48788482493417	0.485661191151217
Gene445	1.33329592360002	1.43107309532168	1.35445808141353	0.671401073536539	0.739651084252302	2.66248654351015	1.24752366294134	1.33701277166355
Gene446	0.527389850832984	1.07804804107471	1.83179370621117	0.539915871401924	0.524306091746342	1.01889042843136	0.521760607281512	0.435192807345059
Gene447	1.29631820755909	0.634290006087063	0.649010056489989	0.642532886859203	0.674705167111609	0.669105670712891	1.01899723347387	0.675944573660278
Gene448	0.407053851053141	0.41517281253305	0.430276980950286	0.426468617985382	0.404611906455861	0.431426943994367	0.871621869221624	0.525782614068751
Gene449	2.64677612957513	1.12860013849273	2.95032251577513	2.92517568351533	0.326038575155728	0.320694330977149	0.333364567816388	0.309885466452785
Gene450	0.843907732971528	0.877380560950508	0.888961908500369	2.17398687971767	1.79480497666765	0.887529406761888	0.887311415841605	2.05813760391363
Gene451	0.615143489230245	0.559494646946322	0.625400220389753	0.60191426994864	0.589601664270421	0.622419767929147	1.0563912137279	0.613512207007943
Gene452	1.07543724227385	1.0856615625552	1.07017617915991	1.32480678504738	2.33216183929489	1.04888062497862	2.51869266665845	1.02382379424551
Gene453	2.11574094931685	2.1311775601423	2.10630929955914	2.01813066355431	2.05232051636166	1.82280431862575	1.9683838831982	2.04753170589631
Gene454	0.408365068914497	0.401010513795017	0.405917051718248	2.53428823948295	0.374695098231937	0.423922986948298	0.390978347715254	0.3960616819826
Gene455	2.64258940989727	0.796978688738876	0.766637888550062	0.756736222645672	0.739252411591181	0.762246738855423	0.769110387063724	0.780102390101389
Gene456	1.61061590803163	1.63302530716866	1.62377246213888	1.67488818935392	1.67749278522931	1.66037895418697	1.61890197296217	1.60298650890222
Gene457	0.929380772479037	0.449847910027065	0.45695313694934	0.734296225502274	0.457871169495067	0.460747987781121	0.444607544680425	1.25197093385583
Gene458	0.865805001568533	0.35834250616879	0.382032680409768	0.343878318334661	0.39902726885185	1.5532622860165	0.365811289611317	0.340333669450651
Gene459	1.66851396050501	0.492412673142311	0.445472142943472	0.484835348053037	0.503858304004849	0.476905049151455	0.506096121086767	2.78348314884454
Gene460	0.906154981338672	0.921456410959905	2.70724083416144	0.806299885734121	0.879044827135659	0.914041402397916	0.911176481696046	0.883938419566547
Gene461	1.53614097347326	1.17865095538917	1.32279023808431	1.06102066396651	1.3458469373894	1.20469660240868	1.33322911574579	1.45012026940347
Gene462	1.48465206819734	0.768504258587986	0.766057821320955	0.565098049777481	2.06291049193417	0.808631334773937	0.773719887718699	0.645191193228171
Gene463	0.507163542561332	0.45879438611664	1.43582010501331	1.03031460759449	0.476787722735818	0.482878011947148	0.50198905462837	0.498224230553265
Gene464	0.376620623952867	0.365145582316911	0.359549890918199	2.70029777677182	0.301994379186037	0.343296034703721	0.349167380045589	0.362385283394781
Gene465	0.684567691774453	0.661853612658265	0.701523273277836	0.652335562821252	0.657852042873421	0.672894067399543	0.672319899549649	0.646067826687143
Gene466	0.816324182740422	0.828082758394485	0.845933134422125	0.861386285756726	0.783368494145902	0.863646542182068	0.843106510037631	0.846733525903118
Gene467	0.621208303979195	0.822773173269647	0.622384363193769	0.631532913853847	0.610262396868018	1.13876595343783	0.604662779874355	0.316471623329416
Gene468	0.354082593483978	0.352702743535875	1.94912354462618	0.357895467687613	0.370575469234332	0.360994647748375	0.374408811699171	0.36038391677911
Gene469	1.42754153710272	0.364775370158642	0.369372641674815	0.352931293955929	0.376530433772521	0.383995622704094	0.378398371802075	2.76542051921492
Gene470	1.43597741125207	1.07517208299769	1.45298656425628	1.44986428971758	1.70060093195168	1.45646618015632	0.894696064986421	1.44374403558599
Gene471	0.487174474034205	0.478828936659691	0.502060710935407	0.50260120012746	0.490041193917578	0.977680150554449	0.497854654160932	0.68523320887539
Gene472	1.17866650325686	1.14488440920794	1.12033377543525	1.10872515693077	1.12577833295565	1.16171117110406	1.17118284376924	1.12216961696134
Gene473	2.0489811871329	1.96912381584343	2.0090710429358	2.20706374201846	2.11668186501923	2.09962987547289	1.23852112486366	2.10790864828005
Gene474	0.782305136054023	0.805252602170028	0.791736355598848	0.77347601933511	0.993133889646361	0.756884705562448	1.36585822752391	0.773263654114737
Gene475	1.4443297528177	1.48807234149263	1.51291131277555	1.4776950259411	0.823773891906309	1.53276747885907	1.45461443297033	1.0053904408559
Gene476	0.675233085254007	0.694045477920033	2.51513918111581	0.669235857136978	0.717995537134178	0.673960324392932	0.679753613937198	0.677709646671002
Gene477	0.547112515531134	0.659410717822407	0.679210284619918	0.96593787070426	0.668219429524618	1.49152704031312	0.673972959539917	0.649620882421808
Gene478	1.00739237830449	0.521881121207396	1.00092401820332	2.57526094411089	1.00684369889806	1.0149379041255	1.132328976188	1.05003241775894
Gene479	0.375800232634818	0.372035963858929	0.376841227725916	2.60808074956142	0.384496408023052	1.24176825880897	0.373368826713793	0.370525036875973
Gene480	1.52429204624278	1.77487686221494	1.06051659728229	1.36045120968134	1.57706620946132	1.61137026948948	0.922078523764415	1.6299356991774
Gene481	0.538645558541298	0.546458014468818	0.536108244657767	0.551944624430767	0.526895225398724	0.553653879735512	0.522266562642909	0.550001910112336
Gene482	0.61980960461599	0.639938801552143	2.37973405509373	0.609491348485613	0.620057840605791	0.634313844315628	0.621321622546486	0.592009160214976
Gene483	0.353232220184123	0.387040361725912	0.354961367892755	0.365740769570079	0.491480776665891	0.263302729968078	2.4259671212404	0.3586453225413
Gene484	0.464115875474499	0.495864887257344	0.465725709298672	0.507404458108744	0.499607492177928	0.496696649312907	0.655332287133266	0.476286741223148
Gene485	0.966665388367513	0.932633694570553	0.921877482579901	0.923013855627379	0.927401547016431	0.907547642874525	0.904817178607158	0.901421850800682
Gene486	0.378611637086284	0.365073423975782	0.368855231576312	1.48624493174128	1.94045069402325	2.88243319535593	0.375055728807289	0.393279750180782
Gene487	0.541931457428977	0.540379685405867	1.62502577487163	0.572587776029326	0.545732711789118	0.527016204524875	1.95431970601513	0.54853853949119
Gene488	2.28974571078595	0.55377383750262	0.554656326445188	0.574889275504141	0.972765282404009	0.566331254904939	0.559587216950785	0.525879920334067
Gene489	1.53027861243528	1.01493896855627	1.0579512641654	1.07219496493906	1.10885723311037	1.04958408944721	1.05126338586855	1.02749662733084
Gene490	0.66633394103559	0.962036880608674	1.2367139196641	0.989306893098079	0.944544061376998	0.980183050741676	1.54778726225505	0.96556009440618
Gene491	0.563005857038721	0.585314198617529	0.585971996552566	0.573637469120511	0.584189927523623	0.590339933259814	0.595139409915236	0.565097560315261
Gene492	0.451152953797856	0.446726362790375	0.420616139382919	0.452663356665932	0.455397950139861	0.456062166606874	0.476223330474451	0.821422645434089
Gene493	0.566607986726206	0.53920188382855	0.540579843046916	2.09311034224465	0.511498673710078	0.561060616115096	0.578638626002088	0.549126655028914
Gene494	0.329426134727671	0.31774224967114	0.328478985832347	3.59419285638445	0.341594202951533	0.322775167355602	1.63674329140516	0.502680908930818
Gene495	1.12681232419283	0.403832069930679	0.400976374691247	0.397092095579784	0.393604195930929	0.392375443759856	2.46783162365651	0.411937841819673
Gene496	0.636896926023357	0.6436280393435	0.630702825399004	2.68491732782715	2.771239457548	0.655565497455617	0.638275683694346	0.622128255128117
Gene497	0.68662479091934	0.685060574188469	0.696496608479566	0.731566480147274	0.677781441051409	0.700927188542952	1.24338112530728	0.710924386717187
Gene498	5.36108045319258	5.38042635316972	4.54040479886911	3.90605152659396	5.41409081329977	5.33232684606908	5.77148987705698	5.65816024384847
Gene499	0.526109740518036	0.500357184953111	0.491521852966959	0.493615472471786	2.0595494855718	1.57389388687617	0.488928941479986	0.523878858495156
Gene500	1.72497348923691	1.74346395382816	1.74292264798892	1.84696864981334	1.74651979925056	1.7647251294636	1.76313477437904	1.68411825202371
