Gene symbol	type1	type2	type3	type4	type5	type6	type7	type8
Gene1	1.77842708128524	4.23163015719958	1.73410413054063	1.73956446297658	2.13867782925659	1.65887568587349	1.81777654608309	1.67207764882867
Gene2	0.489859519418102	0.469553898475973	0.531698509102251	0.506536553732775	0.512127443314952	0.492925198119104	0.5085217749742	0.512588076743044
Gene3	0.881247823914897	0.888211036550331	2.71895243659812	0.846763898889084	0.876427632055902	1.77389617938945	0.874281528407228	1.57248592328532
Gene4	0.507492963374007	0.472541147425162	2.35849494102126	0.482473186885293	2.23411034354473	0.501389940100345	0.501637727369953	0.494306664937232
Gene5	0.319579220623992	1.65486654269012	2.39798997400772	1.84551855166653	0.325573368115902	0.785261259199676	0.318972833600447	0.314039313012411
Gene6	3.38323207542964	3.36542371693749	3.41045216866181	3.12255981856916	3.4472592624498	3.35104982930595	3.32474160778757	3.48600387021841
Gene7	1.59514982456158	0.523207148905743	0.520174806222699	0.513268898095882	0.494965671669181	0.501099204623663	0.539876281345542	0.513461596334846
Gene8	0.51004016683635	0.515419857023984	0.270297796926125	0.499951191448839	0.527994482965733	0.522304408269977	2.13715022132279	0.500921309784373
Gene9	0.593355852832103	0.577507341649489	0.766752133261423	0.625529483841257	0.606626123971652	0.598476780404958	1.67827277187348	0.580343916910138
Gene10	1.78807722177536	0.74916698265429	1.77386454737221	0.777025218461625	0.773987758509151	1.29009522868942	2.80915753389045	0.728940162898859
Gene11	0.284964445458321	0.371766376937552	0.378826029862706	0.36542285968762	0.378334317942504	0.363575919409994	0.354222329375007	0.381721300077719
Gene12	0.369825942274616	1.19057681248442	0.382349450045008	0.369330251636213	0.367051210076253	0.35246029461476	0.900141216369641	0.373902258763522
Gene13	3.13049362995415	3.19500873657764	1.8742801364876	3.24305458535437	3.84276809072219	3.21500686297969	3.3237901488876	3.26441395486567
Gene14	3.55688575488956	3.76217950743831	3.64238295782889	3.75536339303481	1.91967271122183	1.92727586142669	3.78099792963647	3.01946834687394
Gene15	1.5364304638179	1.54939794622335	1.50324448678035	1.50401372220217	1.5015714464134	1.50261135159014	1.57177395715655	1.54529303114004
Gene16	2.74929166783424	0.973124036229516	2.03274994230052	0.960015206746108	0.983857092909771	0.921091993161761	0.989488249686665	3.63065953239749
Gene17	0.523061558042574	0.611265121356247	1.38603844220391	0.504243243472301	0.529899188820419	0.51938342806471	0.525930170754852	0.514372193536736
Gene18	0.384339555005438	0.383063646888946	0.389741560941125	0.385974829277424	0.393169777722687	0.372274164397571	0.378959283565106	2.60394267696008
Gene19	0.623933991426779	0.640673661200369	0.637003638310743	0.623010879183565	0.650029924639386	0.616699688575145	0.599465460346194	0.580290561343375
Gene20	1.63382596131791	1.7305758404209	2.14737394514943	2.15535260418969	2.25511778108927	2.70354560463403	2.29453808741015	2.13784313745698
Gene21	0.397729437167281	0.758950089044944	0.719458154583733	0.783732891712931	0.751723730802637	0.753094238788091	0.757838512594148	1.41490017029505
Gene22	0.429215350140831	0.432701496595156	0.428885849864657	0.430319783235083	0.434741478067225	0.426847879904777	0.447426991460659	2.34632167548219
Gene23	0.837112460144977	2.62802277636641	0.850281596272804	0.856656756845179	2.44144808121682	0.819512051173198	1.22739782435018	0.846581508553185
Gene24	0.333614592289847	0.98456388616331	0.346556614389404	2.04013801507248	0.352437575317404	0.343965071727125	0.333444654626843	4.62472024567726
Gene25	3.1532070167232	3.18910889693471	3.18960564798574	3.21791258597104	3.10055188590358	3.16951351857017	3.58932633666539	3.0444239312882
Gene26	0.222937954987167	0.2265270424584	0.235063614884819	0.228812892745945	0.225317383291769	0.430418911750077	0.231330329637801	0.220290880629403
Gene27	1.16266859905289	0.556953114917711	0.578233411530874	0.566712573803106	0.572456627511358	2.13653127157525	0.611621196559039	0.569520973154565
Gene28	0.763417445381497	0.823187602926018	0.791523690679854	0.856804209468639	0.819501219769426	1.00841804166471	0.804841455423757	0.809778000077565
Gene29	1.78409277573546	1.83015408374845	1.74712452190254	1.80451195764238	1.81752400295681	1.79729042056268	1.81745463740699	1.81367949763971
Gene30	0.431791330538148	0.453947617595117	0.47967741510087	0.449594604715248	0.456101953663432	0.452911062957269	2.05630453891019	0.466312382539151
Gene31	1.06307475987975	1.05477007529577	1.09008729241522	1.98143763676276	1.0613965355057	1.04258066777333	1.06851231901182	1.08191710215535
Gene32	3.61094950499337	0.405359742604777	2.36628194865974	0.406144591173134	0.410638663675991	0.399631408421252	0.423627579325812	0.429189273582381
Gene33	0.791800177127821	0.713895491022782	0.711756307793991	0.744093936053232	3.02734375810746	0.780361154510962	0.746059433190444	0.750039671541612
Gene34	1.73480259605648	2.30617954248541	1.22018428288801	1.78539405549399	1.80550307815881	1.82899542894342	1.79920119277286	1.96126746632827
Gene35	2.41722837719783	0.684046676032609	0.73494045561928	0.689606509739445	5.03128414084598	0.708592282888376	0.688556260197859	0.678883927425427
Gene36	0.94712204945895	0.953843643664084	0.93738214503644	0.887152075433082	0.939329885970388	0.947928793193976	0.909769423436232	0.941193465813625
Gene37	2.85761877722938	0.850055317261945	0.820690523879275	3.85284741143152	0.821055457435666	1.26936602776741	0.747570670098539	0.827316888437824
Gene38	3.15181766559288	1.64585320358661	1.59948420674263	1.64215662112638	1.61189067638984	1.59909073094453	1.65907657258033	1.63425221686994
Gene39	0.813179117037339	0.756559556795801	0.753401516312735	0.808153580949335	0.415160388929815	0.801476596343061	0.821989383314102	0.50397995987412
Gene40	0.490976211532372	0.501777177362685	0.50152976926204	0.492906388056394	0.4934945727098	1.78876955966072	0.487232292822239	0.510708316079055
Gene41	1.1562569194651	1.16522945408729	1.56822606167163	1.54397784197497	2.25338101114784	1.14034506272021	1.18907951660544	1.64188887541918
Gene42	0.592654516398219	0.574476372362419	0.561588394725672	0.761689513862518	0.54287303222376	0.565193840038242	0.583664845350748	0.57020250207432
Gene43	1.27364887264363	1.22140596116451	1.23563890639204	1.28541238099828	5.0816593821741	1.24591566554225	1.21722059254347	1.09542423599479
Gene44	1.24827277984533	0.297939296184631	0.302448094345856	0.286822443321895	0.376000755832415	0.305604059368541	0.291333620587886	0.302545841557753
Gene45	0.598788596347761	0.595053593286633	0.657924703236295	2.56107450088095	1.31249290201601	0.554852378071046	0.578878627368507	0.603591687392252
Gene46	0.477524148550977	0.466775669862494	0.475044084645602	0.480388869495576	0.799903311029609	1.47712723618252	0.49685432398141	0.500043131168417
Gene47	0.450326919501985	2.47566536538351	0.463950015855316	0.826338720279799	0.485268395958836	0.451531107055616	0.449849887759911	0.466621870162476
Gene48	0.551875875942031	0.545921611829995	0.565620923442634	0.561475483516575	0.523249922182679	0.544289441524749	0.567694917203927	4.01037935867967
Gene49	1.15748525472134	1.14570748757915	1.6521952985061	1.14969824210673	1.13926291098517	1.14467788191283	1.13669343197154	1.58036925325681
Gene50	1.16409751612232	1.15191918397921	1.12056088960454	1.12309730951257	1.16959404371657	1.12138349312332	2.7840786522048	1.10231146059656
Gene51	0.424877511439171	0.424826175792956	0.431868051398268	0.40764198758087	0.424359590930124	0.41466978526583	1.90857697790342	0.436447554497427
Gene52	1.38120175101919	0.77906391174389	0.588160180155297	0.899129835186228	0.89729738511413	0.86406852613617	0.843774278241792	0.91650205081663
Gene53	1.62029064253973	0.745480693249909	0.76059593297451	0.748498489475288	0.77199741875618	0.796187315767841	0.730458499693257	0.778309635224399
Gene54	0.968060334858197	0.953635109123931	0.976667635776244	0.977559873444343	0.960960716606574	2.18956619237953	0.976899868587895	0.985150847767078
Gene55	2.16449062734172	1.97834566226104	1.95760973379157	2.02606339261686	1.98554391762304	2.01424431060154	1.8674081456551	1.89850068492447
Gene56	0.773699722509985	1.60444298032577	1.34087993876493	0.789529319195181	0.81928582905933	0.771430969742222	0.772553533616317	0.785310906333703
Gene57	1.02175320823714	0.944526250709303	0.98844419301198	1.01459768718426	3.04353298086437	0.955558187475377	1.04646091876829	0.953403530957018
Gene58	2.14135825086999	2.11632452472001	2.19617218647578	3.22552867200125	2.13595077828898	2.19725753935397	2.15157014443526	2.32164187104549
Gene59	0.318077061511517	0.309859117025094	0.335559312467317	2.88063129770324	1.14764730446879	0.31715646916525	0.315372588310471	1.50809807668061
Gene60	0.935596527196896	0.919386125126074	0.895689953346208	0.912750704440341	0.874873865307852	3.19592868085123	0.938899741141027	0.915991398038703
Gene61	0.461185578802235	0.468570998856305	0.465111577404061	3.90540477112708	0.481169782806493	2.32960654008665	0.479840846109689	0.478747127560529
Gene62	0.596786516257618	0.611764601078868	1.44637646711878	0.571302496328245	0.58222591988065	0.588129916203395	0.572311883824644	1.47601735329259
Gene63	0.474097001295104	0.458442401751082	0.462517977173392	1.87439681674214	0.469575810466942	2.91016293615038	0.484968755153932	0.463658201264592
Gene64	2.7780177426784	0.436961269371021	1.19771829350087	0.430055340274658	0.420231655387239	0.419939067053173	0.392474522768146	0.434722045503124
Gene65	3.14817047662272	4.15128762141146	4.23763068085696	3.97454867684701	4.24489542733554	4.2783314818925	4.41849915923562	4.25173162277794
Gene66	1.01828854639446	1.32711391345466	1.52738276878029	1.09577115347091	1.04731075747494	1.01367532890528	1.0948781482111	1.07584533531697
Gene67	0.584984094923522	0.584663233475297	0.591470879186509	0.59218751902137	0.586694958700924	0.572103080263509	0.614968871386075	0.578762551603714
Gene68	0.843256640451625	0.831011787292918	1.23332854318689	0.800659592677156	0.795643346884507	0.832133196137269	0.849786240368983	2.35438231656118
Gene69	0.738961499288896	0.772854270738113	0.757834874413633	0.457789681112337	0.728920144824837	0.775142255688648	0.75677974704582	0.773061438807796
Gene70	1.557293408247	2.8096658209399	1.76967352683105	1.02496751400035	1.84426656880139	1.85320588852609	1.76651556236779	1.81895046827922
Gene71	0.352787639020945	0.359854955995529	0.372988658423639	1.24535809767946	0.374522048948818	0.364327139181128	0.360453032263999	0.361266605569532
Gene72	1.12176512965397	1.11294050981825	1.12503904495715	2.71672349913642	1.1524535991939	1.13843374463254	1.83925950114925	2.11808869894362
Gene73	1.1835359903521	1.17583929960175	1.12919401061511	1.22005856861585	2.60811611929768	2.48569296671697	1.1529888757804	4.14218408802968
Gene74	6.491888134487	3.81215356187011	6.28827675886262	4.30823939734971	6.39495738052526	6.65458916497421	6.46804804100273	6.25109842364733
Gene75	0.870519165064148	0.811070435613432	1.15125187927048	0.867472845314221	0.825952827260117	2.45573775724783	0.846965379943175	0.84080954690353
Gene76	1.16994351977513	1.22135343866461	1.19766764855121	3.03866975973733	1.16134035464782	2.90932647641763	1.19957774722452	1.16786016416458
Gene77	0.708915640938644	0.654701831270801	0.692908472370303	0.904372801373165	0.672644125741994	0.557589980876435	0.497374197729668	0.541805355545676
Gene78	0.504142886159545	0.517667603542658	0.500375304549703	0.493157486194091	0.516621085008619	0.499998640144443	0.489548958861865	0.515735280756602
Gene79	1.62118415893553	2.04722715512351	2.07041234978182	2.00739401766795	1.4774761491312	2.04524753902832	1.99159831885614	2.07997501791282
Gene80	0.564246870054732	0.38730412888944	0.378535501293011	0.371377723419898	0.389436604888344	0.391020457467157	0.403232554295447	0.379158514894932
Gene81	0.58022120185321	0.577011447120265	0.55270514083817	0.576366421417715	1.36876810983411	0.593754238742268	0.591828803385551	0.599519633846849
Gene82	1.24751631503631	1.2477218991401	1.22170882098314	0.632095420984664	1.2802936932725	1.25749548013525	1.24240044260048	1.17606765486595
Gene83	2.25544850930321	2.29633272364416	0.760042801083418	0.525579922338457	0.741163549246424	0.448582934964558	0.736853741582031	0.758142072071952
Gene84	2.0416810300622	2.05258341794033	3.11141712276888	1.98832706070611	1.48742208731506	1.93752964621053	2.08180947416142	1.57667380984018
Gene85	2.34746819483069	1.92675911176703	1.16359284061489	1.30009412108179	2.26360088312879	1.87806619543521	1.95976026438591	1.90092829067902
Gene86	0.486933561043616	0.507601732617161	1.44828573514328	1.6505335683951	3.5000442397167	0.496978528943128	0.509934785380512	0.510824895085482
Gene87	0.731253222288786	0.704340438712907	1.58858299279657	1.17562850947654	0.726125211730515	0.732349678640481	0.70736714919995	0.729566532069148
Gene88	0.559072542479232	0.552224474839183	0.567218814002066	0.805203329935061	0.542135253204365	0.543528906430716	1.8681002539743	0.559262724956908
Gene89	2.3411108406102	0.403364928946671	0.421550203034116	0.425342991318356	0.413693466715877	0.394379389474359	0.424948532390985	0.406409437261724
Gene90	1.94206125733024	1.89429080942523	1.99310057685741	1.02386505604027	1.95747198601835	1.86309404439593	4.30690818295641	2.69263080082168
Gene91	0.376774660111951	0.769182219478082	0.377628234818143	0.39691930599389	0.402929656888901	0.542557262990628	0.394235881837434	0.390670116833653
Gene92	0.96839805388569	0.963822683672773	0.931040772873021	0.954688281641382	0.998156429015178	1.00916901426912	1.84391290945714	1.04525799698331
Gene93	0.588048832585545	2.08152599696725	0.585148826314182	0.600807369968006	0.593419170435064	0.599143624680442	0.596490324737984	0.591490783942643
Gene94	0.774005687002056	1.84922496631784	0.780631686934523	0.806702506971811	1.41144610698801	0.808476338920053	0.793199542951674	0.787256602093956
Gene95	0.401732346116548	0.38525497607735	0.389659397952174	0.397808746205265	0.378328661608563	1.75913214114283	0.398632890077566	0.391003607808505
Gene96	0.92570461106658	0.972408762323835	0.890927486890261	0.847041143779988	0.900715082794258	0.899179350010144	2.92498209446828	0.883676285316433
Gene97	0.632436188169691	0.650390372317807	0.676950075277724	0.610362464065041	3.29987679446194	0.651367704054402	0.638917271164411	0.633548734164481
Gene98	1.1320837015056	0.380343247067136	0.385164911479542	0.588048895604714	0.386245777484039	0.393266917883801	0.386610736024709	0.372914201119062
Gene99	2.06621754503106	2.16068141433011	2.10332912584544	2.13981983988425	2.12929885096728	1.99774477977964	2.73037584453695	2.05059185818416
Gene100	0.769872315887501	3.12019025148435	1.72845980445949	0.819108168108884	0.775291476341172	0.757032320224965	3.74360772082819	0.763905804279782
Gene101	0.705461134807269	0.69127936296841	1.14778627962915	0.692088342468497	0.667387416740609	0.668215502597893	1.47228030356831	0.66289064193667
Gene102	0.745182410072984	0.762110224864331	0.722796050569663	0.760404095430182	0.745598659038632	1.26695380426183	0.736790492152387	0.778881861025548
Gene103	0.617278042446838	1.09889283397187	2.08867320860544	0.625068163168224	0.649565049747482	3.32931042537262	0.658718117170039	0.584480632184974
Gene104	1.76968753254848	0.427786262658261	0.429635855910767	1.6759934716564	0.701740370645815	3.70894149486946	0.455992539260622	0.442194539019087
Gene105	0.632016430757767	0.670740258980357	0.622157230964294	0.646580120649426	0.665997249788901	0.646199587156316	0.637829147926462	0.626156218722537
Gene106	0.311002368384948	2.95297301387768	0.32589372231989	0.310527313996574	0.319426035317871	0.309507298531606	0.31854305908279	0.313671208580244
Gene107	0.617384576195284	1.02431177672993	0.655534662477275	0.641119600126155	0.66557326199373	0.624560245733827	0.650955549416929	0.66046072676667
Gene108	0.70380989803012	0.698582879832123	0.697806021558979	0.690841679585634	0.860709856071022	0.689378199663271	0.694612509535412	1.38176964418303
Gene109	0.872256842687662	0.882150229036242	0.8641951767787	0.884043853803525	0.893952036254884	0.890748712367996	0.898282359978145	0.869009915232063
Gene110	0.751921332795425	0.755248996588119	0.765923479628595	0.763650223232145	0.767929871429198	0.550617299311604	0.757397258978304	0.784599516733018
Gene111	8.11694671289439	13.8697638551257	14.2728830407419	13.4638105524838	13.6771828834507	13.9436774690551	8.01476997077835	13.8739259086445
Gene112	0.541528089692853	0.54006962696097	0.52920811646712	0.53491339421017	2.08580538283016	0.550233244403531	0.5682855242836	0.5550055368543
Gene113	0.412130919751877	0.410603334976968	0.428068692534473	0.411909867703961	0.427891187791083	0.395210788318157	0.428496166503218	0.432744408903841
Gene114	0.964543204289754	0.941741457013388	0.927172928845445	0.998503535087433	0.967022066808481	0.920957228956473	2.3595263277523	0.939313469913203
Gene115	1.85857599870463	0.715672556940259	0.733554044706623	0.70493769048672	0.720893896714492	0.678691495088167	0.815464821271737	2.08364851155626
Gene116	0.646886342272621	0.637060198966446	0.657446130781033	0.611243168152235	0.661449226708972	0.604600884691315	0.660281222312739	0.663817023682286
Gene117	0.502257519495923	0.544690861744539	0.519719307275557	1.5009270329424	0.501025593532731	0.532902150110821	0.515592964274422	0.537691477174781
Gene118	0.559691477785219	0.551895946914413	0.565450582792597	0.549497080761254	0.557176677088179	0.567712566342974	0.562655704136433	0.556534346074042
Gene119	0.807088348348653	0.597633543669819	0.594990227168044	0.566123815971691	0.606473691610335	0.604159206279056	0.606367388631176	0.585902402229358
Gene120	0.87654017055421	0.872391500152847	0.873653823996768	0.871331128935668	0.852469869438638	0.832377216729807	0.842348086712826	0.906479153936631
Gene121	1.2650875801101	1.26933872315746	0.716260828258819	0.632310602801591	1.27802777185794	1.28197225280284	2.68623068433498	1.27279007085423
Gene122	1.512544454416	1.43554311161312	1.54438129587664	2.16511037186239	1.50884204444872	1.40897626057781	1.47632631478446	1.52070309304575
Gene123	0.396323523846579	0.373247763284391	0.396255833239964	1.24898182420085	0.392878314985225	0.374207509178847	0.370890088164953	0.39894239706316
Gene124	0.758647459221409	0.783936440344792	1.84023506675362	0.751612215443921	0.748410173467575	0.761599152557957	1.76448025320849	0.741887119228496
Gene125	0.703020586361954	0.706854087663093	0.686895561939709	0.673300233545679	0.727700093178701	0.665422820187224	2.52219392381498	0.68988525664481
Gene126	1.80298227956977	0.410410367271464	0.418944331843509	0.411190892135162	0.405426154218824	0.401484462267774	0.419944000281515	0.424872599805386
Gene127	0.628688711283057	0.6679510359254	0.674750821350753	0.675674728774036	0.649877276641708	0.643344177019778	0.666403559554474	2.95007260921799
Gene128	0.377132592152136	0.385307954657078	0.360644627395655	0.385456287602822	0.355163907732774	0.360266286319849	0.401577920356917	0.372327101185766
Gene129	0.597458842021834	0.606907170374836	1.85114148418426	0.876552082931842	0.59926876931028	0.41884449065281	0.607765992860481	0.612366740658922
Gene130	0.549557072206451	0.55101204153359	1.05641838455596	0.556812647673212	0.579283228041949	2.40122175778444	0.568991618777366	2.36238471805474
Gene131	0.683731285095227	0.668624370932419	0.670364404422832	0.624238123022593	0.656861453644717	0.692293404832201	1.28040302702857	0.68060572898796
Gene132	0.327288447062877	0.898240739377458	0.256225616538171	0.311793154226354	0.29578666983576	0.327925157087511	0.311113442532308	2.96127934486409
Gene133	0.584916963902789	0.601280660450028	0.551187195368928	1.32331655369286	1.94241500311108	0.588717824642629	0.569168476522319	0.66134956343069
Gene134	1.53501134697259	1.604124757454	1.7094530634091	1.57888840840892	1.3251456269311	1.60301483265272	1.60089085732858	1.63620763441225
Gene135	3.11166212656665	2.34616894808653	2.99646577596715	3.06117262770474	2.91257606665985	2.93777484257304	3.01356616163004	3.13389959801022
Gene136	1.19469663567968	1.16254182130696	1.24303634499489	1.23189021710264	1.18346201871256	1.26106702206378	1.25489420489119	1.25063718172722
Gene137	2.50601981109421	4.53060170933066	4.49390023214206	4.69928208075434	4.58530876079732	4.42524264301441	4.51444404867362	4.62748858423846
Gene138	0.382129532534338	0.396237655523444	0.408503315971064	0.392502867263422	1.95470102918803	0.32761204005504	0.408301782614718	0.404251963558332
Gene139	0.685015770626662	0.684840834831444	0.635437032665047	0.599351017532225	0.647938920401229	0.591204803496109	0.476910124704171	0.635646594250079
Gene140	0.639135338883859	0.644486092956405	0.63953907941179	0.635577537078603	0.644881355876935	1.28056022281344	0.635167562091368	0.661859886325961
Gene141	0.689752647933316	0.900610434156065	0.690465227143411	0.675010114348482	1.58777750038114	0.682938652656942	0.899403572343725	1.77039630606536
Gene142	0.501122191168395	0.480950520679492	3.55395532891606	0.477608417057178	0.477922816163531	0.483272539358539	0.454475631808695	0.472583247850747
Gene143	0.367065130840997	0.370045097194388	0.349606757485301	0.372476340645623	0.378481877486157	0.377606943429267	2.75145839418782	2.79043846401932
Gene144	0.823426708700103	0.870528000704794	0.868899512450563	0.879435735323621	0.924193392710445	0.887270444571227	1.19027644402823	0.899824357138471
Gene145	0.790874985548495	0.688866196034081	1.22524140065488	0.68496536942244	0.697207321323244	0.709427890516456	0.691554382354119	0.708712860581237
Gene146	1.37125605461223	1.39733926777123	0.947183764877253	1.41408374893989	1.37763129038497	1.40342778084671	0.84931632527805	1.42929872381367
Gene147	2.47619589036426	2.26102122491302	2.47761761723403	2.42028400621626	2.40765916207376	2.49085344258543	2.46259907080857	2.40650686588328
Gene148	1.59991686111121	2.30596798020657	1.52166552912106	1.60168655805355	1.60160604088425	1.63688032571443	1.57411488819753	1.92087550391286
Gene149	0.535166638973215	0.950340560850454	0.653721336072376	2.54264257230571	0.57665879998747	1.34596975454997	0.555275874281078	0.547644428891189
Gene150	1.99385782396852	1.87132401434451	1.51944214973145	2.03148061482762	1.96190871947732	2.01789746464042	1.97001782254951	1.92680521432207
Gene151	0.902697284060086	0.876270146834241	3.29386984821878	0.912774849034666	0.942652809607343	0.967479178974387	2.71495002866373	1.73931930043346
Gene152	1.12719059643509	1.10940998300064	1.06176430059651	1.08203849638908	1.08511794147946	1.1464552431424	1.10221510780757	1.06104628219833
Gene153	0.584174688413481	0.601126393210078	0.613571957857712	0.631544568330696	0.608860056450468	1.82998904320417	0.618562587522247	0.791771529388007
Gene154	0.807198740602749	0.403773765633734	0.395044628861674	0.404068641119068	0.394646089970024	1.91432008327799	0.401423243856223	0.404145215382827
Gene155	1.23352766701581	0.852852096288161	1.22868619159106	1.14960422284887	1.20005939397563	1.20248019756137	1.212753139315	1.26715158882108
Gene156	1.0467918560992	0.940477679226411	1.0796201728776	1.29150635084287	1.11585576043893	1.1166036317553	1.06865119593574	1.07354130681432
Gene157	2.40373541860289	3.0563256702174	1.86571858124116	0.393461215371749	0.383775792076318	0.378055196724488	0.374755274348664	0.385594981678868
Gene158	1.34028739232511	1.35520237576915	1.41683890890536	1.4169629812874	1.45010488372892	1.34026613683132	1.39939339517021	2.34287753306162
Gene159	0.298675214306212	0.310532031935765	0.311136198122016	0.30017159574409	2.70367188144663	0.395053096348857	0.392185465218434	1.5939870388268
Gene160	0.497650686130016	0.670337058980866	0.474210722976131	0.807751894860197	0.480021323102246	0.487967138273134	0.497843245731315	1.87579328314218
Gene161	0.529410661853854	0.710877668591823	1.39255680679295	3.09441168316122	0.514008176339466	0.548513569366119	0.512884008018221	0.518590180077423
Gene162	3.31360379764005	1.05388361605722	1.01813914018336	1.08218603903989	1.08081999982776	1.06117126432845	0.99982333288397	1.00357638938424
Gene163	1.15538479264184	1.12484647509198	1.08549648659229	1.10281407803092	1.13569744851398	1.10888175262598	1.07087739366992	1.11120913251478
Gene164	0.606318845093321	0.394903238126247	0.423315741517516	0.218474216927406	0.402261607996359	0.385821448566035	0.407371761900942	0.412360932730403
Gene165	2.23260584977298	0.884224439437493	0.861135981680044	0.865687963170798	0.849819846740681	0.866679559845495	0.841878671183238	0.832497573552487
Gene166	0.493976041315994	0.505791735173582	0.484931985415765	0.487614584114775	0.612894748267644	0.492651165533115	0.47976689010932	0.483812495504489
Gene167	2.08597010816627	3.61238373692661	1.17908665503799	2.39860512807517	1.16687967266679	1.17309822242135	1.12148256306155	1.19566120865037
Gene168	0.418569900109551	1.75497320006814	1.7821033261435	0.431099861061567	0.413200231350182	0.414528033001784	0.424764759074092	0.448939072430273
Gene169	3.27369289349082	0.728650005622621	2.82280656716175	0.706399332404148	0.686756516912249	0.735645287853856	1.0083533483146	0.741559823009474
Gene170	0.412776934217722	0.419246512364525	0.432312572282293	0.427267172123584	0.404125504487214	0.430944939534216	0.418236196708746	0.410089228023583
Gene171	0.469759875312575	0.478849899990984	0.465209033494402	0.473063339881748	0.472552155984554	0.483927234461644	0.498576150670527	0.651549412405709
Gene172	0.971941396772964	0.891627419158146	0.975132935481465	0.934611352121018	0.9778346185608	1.00448628460815	1.02267944700374	0.932911823480423
Gene173	1.19530531644014	1.28590547079966	1.22055325238181	1.17341209145543	1.19413587763727	1.22000649854638	1.18312235101916	0.954467230633482
Gene174	1.9383639305615	1.88076185687202	1.96843104024345	1.88341128888545	1.51227336429093	1.78914915233676	1.81081130060605	1.85556264357785
Gene175	0.713834074842243	0.728331039546452	0.71419682138931	0.745300134246566	0.760639839482068	0.748407599116891	0.730323663380077	0.721791209783876
Gene176	1.0647832231144	1.08770318264487	1.24841132558899	1.07733987430104	1.07343010466995	1.09354876812824	1.05164607791682	1.11384032137256
Gene177	0.478956406646258	0.659223808295292	1.50841394600887	0.473646876265381	0.488520674475357	0.482785266130331	0.474332872236662	0.471219141600235
Gene178	0.879917933213776	0.894871191899815	0.900003502863223	2.88488116738651	0.887907820150345	0.888928019432659	0.877738191161106	0.872435189765786
Gene179	0.849057674938053	0.825879481617667	1.27725302801487	2.06363606975605	0.840725006035805	0.78832608942831	0.772216590064632	0.822136646555458
Gene180	5.07047220096953	1.80782506464134	0.515421130994243	0.513194170054732	0.517472582319919	0.529636092318168	0.527541336193006	0.508004561939904
Gene181	1.57049266976626	1.31727855722576	1.54086154739608	1.49984406695047	1.53670921257648	4.13954225530101	1.52114610343229	1.5296560227577
Gene182	0.532514512238772	0.920399695894	0.522568399885115	0.538738448267469	0.509835033133841	0.529118445124883	1.33622016243231	0.498175946078776
Gene183	0.613496546810878	0.611665145446628	0.626825594713774	0.59404382854754	0.516472172937022	0.605137950016787	0.608175922872283	0.617838488457414
Gene184	0.452919821149768	0.423952515206904	0.431907638176286	0.428126825844889	0.450590007189098	0.437832679838002	0.657537176223045	0.42354994790585
Gene185	0.696323466462375	0.680321179131047	0.681772438090922	0.663864612720962	0.666029221954613	0.647565860941958	0.675177230428815	0.695217179716311
Gene186	0.507045387836553	0.581160677781008	1.94992189961628	2.76755244102823	0.544712873205713	1.62758205962877	0.563315616765175	0.541313346170947
Gene187	0.425680000352411	0.416934894636805	1.57486652909005	0.444651350861843	0.440087940752746	0.409729850893357	0.427296987414883	0.40975704675177
Gene188	0.294878270481457	0.294057086660409	0.288486589967816	0.29637646078031	2.01169908026757	0.281614258998885	0.305567015721481	0.609117381407204
Gene189	0.709115814324365	0.701669551521142	0.688365082199796	0.692876704963699	0.688651217525135	0.705665758758856	1.94472096993683	0.704313019335873
Gene190	0.959997082328324	1.3349061856355	2.30646697527521	1.31569741953885	1.27765178624802	1.3426863070619	1.33053142527474	1.45068631839327
Gene191	0.321715024124319	0.306540523995125	0.31230293830215	0.317793760816771	0.318621655794162	1.23701256030523	0.328262424848447	0.305221927514996
Gene192	0.457622697355246	2.31646965631975	1.35769103088587	0.443423587830721	0.4284511226768	0.418336390958821	1.08570709475839	0.453525947364612
Gene193	0.533292785934755	0.501548419154387	0.519045932791362	0.527658284412593	0.547278138353123	0.531279869117668	0.554220200038916	2.23760517234193
Gene194	1.57527425787291	1.47930162531074	1.48743073839508	1.48658227724885	1.44556165308214	1.50058391003211	1.44982887393419	1.46205234148648
Gene195	0.511173263551194	0.85554772989811	1.15180857612367	0.508624198101146	0.496876321098122	0.525976197887072	0.507011270989188	0.469198262687812
Gene196	0.821720157337329	0.775725722256168	0.803475640665591	0.809030302353872	4.98274033060356	0.82576008381532	0.892355780832864	2.30602290247355
Gene197	0.893126070407859	1.07437369447286	1.03349876221964	1.06558781987992	1.03206580593513	1.02315644679835	1.067074497245	0.959864925039301
Gene198	0.334832241564481	0.36168228001924	0.356172424476913	0.357946434928575	0.343048593721168	3.6147837880308	0.358313856384285	0.34017880724231
Gene199	0.508766637587084	0.502142812248892	0.504344641857265	0.519778923288196	0.487396212052079	0.508331020802359	0.488574847087698	0.526988214516102
Gene200	0.401309085933044	0.402326756006358	0.402604198142335	0.413426431561335	0.416723042808744	0.405307072673742	0.403241385837846	2.2640528362728
Gene201	0.420073671580379	0.445904955366235	0.436789803122406	0.443832987362174	0.426806798697884	0.426172770713321	0.466889689304214	0.43728646080831
Gene202	3.20037992327503	3.31318905334673	3.35762108231842	3.37833674951282	3.2530551485748	2.22768118463257	3.24055795397478	3.30970446158968
Gene203	7.61112878922583	7.4153676160211	5.4062503181499	7.40703779462468	3.9574528027812	7.7473655966206	7.5955417504381	5.3714057908425
Gene204	0.445575363230274	0.41758065980085	0.407920002005365	0.443230906300996	0.41357766720054	0.291831612114241	0.437176617094707	1.34750517015781
Gene205	0.533879794748492	0.541967073003809	0.544312252932281	0.527418047412439	0.548608906974296	0.513339188842634	0.52552282753116	0.547603150160713
Gene206	3.15228142539135	3.20867224541346	2.97157295962447	3.12762460877943	3.09090647027279	3.18926818439671	3.14801594365355	3.18369514417458
Gene207	1.59137654334869	1.83117846365935	1.85370001458717	1.82847825464106	1.91785526964031	2.42749776748014	1.75039474838193	1.80325104751525
Gene208	2.18103560674433	2.2349910914318	2.21274917154645	3.12162994292826	3.46771670901959	2.1114232692202	1.88446844653763	2.25007005266142
Gene209	0.567920720090161	0.573335630615097	0.587256622983616	0.575442773636933	0.568258891901019	0.553148445026471	0.583271658855322	0.581207483408657
Gene210	1.78506511262518	1.72551837621831	1.48661486030712	1.6027798208209	1.69534551303301	1.72098462279749	1.76292071917526	1.82888738148215
Gene211	0.272724469909926	0.270552480835274	1.68999585814327	0.280851686415571	0.268794987115258	0.282763742047026	0.281287375114306	0.281529584298145
Gene212	0.355571226075684	0.347759253526803	0.365237630640954	2.87298802406572	0.356983764589394	0.362945770983733	0.363273395687254	0.348077252046982
Gene213	0.763528728714425	1.21990576437188	0.750489644772909	2.22557634947946	0.74329389908689	0.821785231369336	0.834422454470769	0.73801242070525
Gene214	0.310433964914432	2.48706545471838	0.310542433489577	0.313882130474423	0.310391231600189	3.20282974965072	2.76301154974054	0.311076142655309
Gene215	0.957245752733581	0.535552563042034	1.02737825944367	0.975638628460731	0.967245707154348	1.58815394289128	0.745941808221378	0.48878541159763
Gene216	0.931690784386737	0.908396944025892	0.933101209591473	0.950145210909186	2.7252747225587	0.940207804580365	0.964693477186525	0.882090453915889
Gene217	0.731585806203803	2.45896119558369	0.71769207632982	0.676129511813076	0.69850337236252	0.722949009235121	0.719222711061462	0.688052647392106
Gene218	1.20511234693697	1.17501008215266	1.02606224205246	1.21604495494015	1.20861081152373	1.24672985302525	1.2277065919599	1.11699211887197
Gene219	1.24621214592946	1.32294781122213	1.32865926986325	1.2764416247826	1.26866655720006	1.33263282341147	1.32090544224173	3.07731629844239
Gene220	1.83377882486909	1.42746300091433	1.89380573136518	1.88565949039102	1.87275654439565	1.91011803790996	3.1617517611706	1.33631945450992
Gene221	0.275390324350548	1.14567614364728	0.274200952088556	0.261748151170199	0.183047377980847	0.266170812164156	0.267973644957763	0.284993881217591
Gene222	0.584279346664853	0.626274570881178	0.598135334122277	0.671415157989188	0.631062225264895	2.8778806215084	0.400498839523169	0.609927667234918
Gene223	2.01849512315276	2.05557026734994	2.06417873190116	2.12759342256756	1.98742101146012	2.04323363599628	2.08444638107642	3.87046510725605
Gene224	1.02387870825143	1.00809176722266	1.00362179003618	1.03809982502079	1.05029616697781	2.42548792044843	1.02275616577401	1.00981546143719
Gene225	1.55954488381619	1.58473159566272	3.0851906596493	1.59814491368033	1.48593580582826	1.59251055016772	1.61827556665877	0.909677653321115
Gene226	0.516147461951138	0.336821085280827	0.497895299249083	0.504788937167382	0.525825491153498	0.523482759960729	0.532347282015111	0.52054326702205
Gene227	2.44472240385064	2.2193592077583	2.15561716265861	2.12494349548723	2.16067395661481	1.32528792823028	2.20675907102951	2.19307897907203
Gene228	0.584130966776419	0.585588808496923	0.61073694128618	3.23657220444803	0.622771241153201	0.589446830446097	0.555850379452181	0.614318053319344
Gene229	0.613034865462243	0.599672862685653	0.581161257304228	0.461056693826623	0.6115255662205	2.15658527837245	0.586646640477728	1.06527973566013
Gene230	0.587420613918101	1.52359736708031	0.578444268163414	0.619328594150801	0.356251667531685	0.584735439969233	0.719774900660623	0.581565028438713
Gene231	0.980144906502852	1.69808743982259	1.63915409754859	1.71199326415205	1.70853150510373	1.15331066347223	1.48517630037212	1.69171548557424
Gene232	0.595907456685721	0.588363577562845	0.578645459288339	1.62711445478113	0.594149830590566	0.597057073254744	0.604583571716591	0.596005915634865
Gene233	1.56459173975303	0.914039609543858	0.872795222250848	1.37613032253146	0.892589015669006	2.87722053010178	0.925839671050384	0.882747787133933
Gene234	0.992924300146223	2.8920704939373	1.07147491998406	2.36510278779828	1.03701718613171	1.04569872993568	0.999876262995799	1.08948357511567
Gene235	0.831481739971794	0.843439336801178	0.817924801361176	0.857438519732068	0.775690272093173	0.840408919160358	0.866574713249362	0.848504698676542
Gene236	0.554378557191781	0.542263480401282	0.567275778600769	0.51740974492405	0.697179364162114	0.527355842333887	1.70410057385968	0.553864268719171
Gene237	0.562044417969583	0.530334505607483	0.500050643144284	0.526177649092594	0.539925924693581	1.53764982350588	0.517809146875028	2.56284076410235
Gene238	1.10019651903753	1.13112370710807	1.13497941775886	1.08334581002239	1.82499481044232	1.14944013874549	1.12320128385645	1.1421020511807
Gene239	2.19778162899868	0.97466238754398	0.949314361845733	0.940566179436619	0.964407806770026	1.54149864224812	0.947704616274354	0.97865479746427
Gene240	0.720682079710632	0.753196633232049	0.754448026580158	0.790570081217459	0.785615163565956	0.73638020868486	3.06149964818107	1.17364677018182
Gene241	1.31619816793918	1.2788283342826	1.29934377972956	1.34784029941632	1.33189318859942	1.29098180493358	1.30524161390655	1.28879635811428
Gene242	1.60741467070698	1.48080908140111	1.56668519225175	1.59083504524001	1.57199057224091	1.17255756135851	1.6094733259791	1.54578281225738
Gene243	0.796705368741443	0.774285713367495	0.756097694510336	0.769753216886433	0.75746980198808	1.21854455097875	0.781114467810485	0.784535094946067
Gene244	2.48387707595011	2.40372730289396	2.45043482398161	2.47833294365835	2.48437948411363	2.52927842109976	2.13654143551596	2.46894200571562
Gene245	2.04359365448114	0.655212118453609	3.58161010999273	0.676146459792848	0.63982041406284	0.6490942512013	1.61031544009606	0.607671177048053
Gene246	0.33996754438859	0.343059231898829	2.58917503156491	0.351372995931548	0.345280885689986	0.346408899341354	0.326487089301741	0.347809387153936
Gene247	1.41555458126528	1.57482331765857	1.43522785737613	1.50246457635418	2.08032254415195	1.36850099680118	2.50660389342575	1.44674669882737
Gene248	0.793020854055943	0.825502494156305	0.816109861176776	0.822364718451198	0.794252460312947	0.806760191670993	0.82944426394381	0.806545320679379
Gene249	0.485787910213706	0.484055034362804	0.483500439531038	0.513412021807542	0.471164376241811	0.475809782348598	0.501284873027726	0.459182174904638
Gene250	0.674759604817186	0.355337142921777	0.355368702719636	0.362477024182056	0.35161518664346	0.33342972896107	0.361601343270942	0.356064742132032
Gene251	1.35973332614464	0.754681949455971	0.510479982185803	0.77885173277745	0.735026815989103	0.761801621921359	0.740854091122806	0.716034805428895
Gene252	0.535634791097868	0.545632464647568	0.536562228333355	0.527629996386105	0.542328462704178	0.535529277845632	0.747008588106468	0.536643084524374
Gene253	0.382560542216937	0.395898525344024	1.21503399817582	0.406082503788724	0.403517183791131	0.380435598587482	0.379696956547042	0.377923945363099
Gene254	1.60156131785928	1.53421480689632	1.5487866960869	1.47085020928113	1.47529073355553	1.55069035320992	1.53423111824367	1.5037566478522
Gene255	1.01394883807772	1.59545860066745	0.594978332796178	0.594151159220031	0.562204783019345	1.41287221529149	0.579260540485539	0.564669665906992
Gene256	1.32642030243061	0.413061834502324	0.428103179786471	0.605408221083852	0.420523986524574	0.401208667773378	0.390074884861787	0.410051478337679
Gene257	0.360867664661725	0.365103811072852	0.377117861411286	1.08279052975214	0.353176422438475	0.377609780900767	0.26454344717239	0.353696440648303
Gene258	0.385946234512076	0.401482432849426	0.394588560002661	0.386041847844714	0.385675486354713	0.403854716420718	0.430183679733173	0.389580588637068
Gene259	0.67602093123007	0.668840938353844	0.654686518305242	0.656863648850149	3.51396232612682	0.651286957586033	0.671407010938478	0.636856311976
Gene260	0.609739802496557	0.603025990952043	0.600208968843064	0.635853973561825	0.595433277796813	0.63490173546642	0.660693263244369	0.617626812377036
Gene261	2.46106229253015	2.36529833202008	2.33806023078519	2.37758550336179	2.28521788602656	2.40053987464207	2.5145013878871	2.35871764824467
Gene262	0.819779983152921	0.796406123516385	0.801984980078993	0.845819687717258	0.790454464170162	0.989155690975293	0.807708103639974	0.781334884991958
Gene263	1.5237398411265	1.63384936952735	1.57858147327332	2.82174847817579	1.59319031047871	1.66378359151855	1.60252631997386	1.67337238453145
Gene264	0.437074248696369	2.95447016159711	0.44677724892068	0.420709194936771	0.433116205500556	0.431758657730941	0.426513548651226	0.392274001503201
Gene265	1.04730739786574	1.04415062491721	3.69389351119438	0.969308476601153	1.04012086970324	0.992260434788417	1.03049073209501	1.04197624128209
Gene266	0.680000498636546	0.668195558582201	1.64351920839194	0.648888875630127	0.687935911879215	0.817821129823826	0.81292121560708	0.637357008836867
Gene267	2.13001840738773	0.376429846141356	0.366951305021865	0.391710725296978	0.371633605507508	4.25987561654594	0.375676341382549	2.2924921978889
Gene268	1.3973481217993	1.4170738333853	1.6784614468625	1.47490975500123	1.40384508328838	1.387984949023	1.38289845202939	1.42111285794271
Gene269	2.99640467251845	3.15297207818441	2.36095057179569	3.15871220143225	3.12530556606218	2.82911038514609	3.1624144392712	3.16609140718228
Gene270	0.309763385350546	0.337451952627888	0.307337770419985	0.317105834890267	0.305159750183479	0.314970039687654	0.314383658034782	0.319684965969282
Gene271	0.681976150133534	0.523326818236748	0.494741632008902	1.28237464025556	0.511399794528154	0.527424485176201	0.53615651318246	1.91501073121717
Gene272	0.337513118995588	0.33888122131759	0.352015289926456	0.34831742617403	0.191246682038096	1.80970521870865	0.356498924696093	0.338527208273685
Gene273	0.353660360619195	1.32099618490299	0.335361406625965	0.336771664626669	1.97351562484217	0.353751520855561	0.337752834786545	0.355242215153778
Gene274	1.00598971070233	0.633522624543195	0.610162505177664	2.23979171594056	1.38378251164676	0.612634082276808	0.632205938454337	0.625810160757751
Gene275	3.14444627569107	1.54745035906076	3.1657452487287	1.69421186034874	1.76316072214984	3.26773452760254	3.18998125417587	3.10686927859508
Gene276	0.507812532663087	0.490280506382491	1.40668959027193	0.510281763891324	0.51165451817397	0.51776510851092	0.511943851093768	0.502799671820642
Gene277	0.892703943111244	3.52620075668821	0.8369275234197	0.853187854036815	0.812435099593577	0.847617641476131	0.815953187650144	0.704323447514507
Gene278	1.33948969852221	1.36905348143179	1.37374856938245	2.70949350904198	1.43296097376838	1.41462702057327	0.91052298457677	1.41972686432339
Gene279	0.609231929418664	1.81431734982552	0.598427420555222	0.587811104260009	0.604164920689569	0.608951095612784	4.59612187512145	0.580717438789467
Gene280	1.61380667853556	1.64972078609632	1.65324852718468	3.2298187058516	1.60601350736876	1.55635942484428	1.58513557938765	1.63618270334103
Gene281	0.984875449898265	0.993844740529091	1.03185942065707	1.01934471072181	1.02742587807051	0.974625395263553	1.04338257157276	1.00883840430528
Gene282	2.41638481428677	2.37625624631242	2.4694339561271	2.44698817358592	2.46885772295987	2.38810999574432	2.36142204148097	2.65197498968308
Gene283	1.71314963008562	0.349807197852366	0.361484095390419	0.353338899751511	0.36133636161856	0.342943541414509	0.345458625079403	0.34711280767451
Gene284	0.309010947276374	0.307689079067691	0.312917211807859	0.299306865806119	0.310328915493336	2.56864885383777	0.293280864648039	0.310912162638495
Gene285	1.58493680015451	1.55113522351724	1.55418098939763	1.62095316764268	1.59329465805015	1.59439394546361	1.55868291989222	1.59890822438162
Gene286	0.606301302058088	0.564990951040437	1.33302682445755	0.613549905796873	0.633517307767005	0.577270324935991	0.585362704610787	0.635817952308518
Gene287	0.893504171686425	0.927329631625774	1.55379596666481	0.895930562860852	4.3228721196854	0.92166396451311	1.23949473365915	0.914598713073392
Gene288	0.569447575994782	0.543522237323579	0.572578105004011	0.560410338409232	0.562089247688509	0.55892276429514	0.567706317785144	0.578909994692412
Gene289	0.503234954108046	0.52599432032791	0.519549900894867	0.531948024205473	0.31059237985023	0.518324115794758	2.41061876031351	0.544467544187189
Gene290	0.772537059545076	0.354264537959735	0.607698233044016	0.651808893286329	0.639105560721551	0.621470971328198	0.633318705374372	2.07782987329666
Gene291	0.711105504011471	0.713993119214766	0.678403082532532	0.651604534805167	0.663888731619072	0.664252908694548	0.654075918963114	3.05777477347513
Gene292	5.45070826946666	2.88076568454556	5.42118118665639	5.40765287835501	5.61292529841254	5.22201716892503	5.2166218948081	5.18182941859187
Gene293	1.58619869351285	0.80682198338016	0.750864178603394	0.761820418938784	0.501673647750997	0.91486403099932	1.5403382454257	2.60975925181064
Gene294	2.24885206606108	0.775168953842253	0.802738688664528	0.835374452877095	0.815593180346255	0.777114988284209	0.796521961036778	2.22430870493169
Gene295	1.47584847163754	2.02193290543106	1.56698999482899	1.52494501083541	1.49456478784946	2.48545829485656	1.45333994611999	1.50900224964771
Gene296	0.755239153960121	0.728548720657153	0.723385032091854	0.746420177232126	0.736426151881237	0.748354030050361	0.776404287853235	0.752015194947084
Gene297	0.680176028266457	0.660676889487887	0.670815065249094	1.70006832382024	0.632928714064259	0.629140411281529	0.653352749565608	0.996990166542313
Gene298	0.545324392371941	0.511271278085507	0.512309778886884	0.489513436209173	0.499141605814286	0.746516054093093	0.531754803523615	0.65662957493864
Gene299	1.2679865970251	1.14963262720747	1.14986818730029	1.13452084530961	1.17174475300694	1.15231688915523	1.12858907708799	1.17001281346178
Gene300	0.552775645073871	0.532299674373696	2.65673009661432	0.546157664975444	0.5512811668407	0.523875337727398	0.530218283846272	2.33917557668951
Gene301	2.14251103728456	2.18120066155094	2.07319989937391	2.1793173849298	2.05031854067731	2.06840372234075	2.10982792105289	2.18263039220441
Gene302	0.373724998167581	0.348768660128953	0.360158571883144	0.340226273881303	0.35729960210542	0.364093217512613	3.04382900696247	1.39863864233329
Gene303	0.816375207754032	0.780109616633341	0.747589789110165	0.797197144678348	0.776409348034691	0.749093335377914	0.768340802503745	0.818724151661596
Gene304	0.650543244987118	0.641227271916666	0.668672731115452	0.680583786090887	0.63767404614284	0.670996366393048	5.20410212911364	1.60105876773477
Gene305	0.368209689795065	0.381137269115346	0.379294039612227	0.374215286307026	0.36862376166019	0.378414344186298	0.376522771910589	0.393249569610238
Gene306	0.502773484318554	0.773680530698842	0.52272092337574	0.698608366291793	0.532297728819173	0.533950828562432	0.544914130808815	0.530854210366299
Gene307	0.298570168481746	0.300316264216282	0.309115412024409	0.296610844340773	0.296724914138497	0.297990612530895	3.43510450263714	2.68974114121431
Gene308	2.51319120534263	0.714390870936265	1.53304001282774	0.698748246931552	0.681784262419239	0.690575339624956	3.94853996325279	0.691012879831276
Gene309	0.360809362410677	0.349834869966938	0.357867791294117	0.357596390044776	0.341294693515805	0.357005751030625	0.203781358390824	0.329332823628176
Gene310	0.660239766048792	0.61924912806284	0.680130314612582	0.661537611599467	0.664259565092704	0.633437943053913	0.685653367487967	0.648523788479996
Gene311	0.473730653726136	1.12746079825616	0.458223406614044	0.47863048559687	0.758422595890517	0.455135343819163	2.89925964767504	1.99949734497878
Gene312	0.851629036383029	0.836017358268522	0.897296818844943	0.898942242354018	0.864841128346071	0.83640266073538	0.852474672853686	0.890117072461273
Gene313	1.00240240972728	1.00865552122682	1.0039773402235	4.4526545668334	1.02587798657764	1.02307329624976	1.07586978252145	1.0099870210963
Gene314	0.454477287489371	0.427507751704209	0.443852903383304	0.449730287821351	0.450077852437473	0.444446030157309	0.463109363586948	0.455435999674224
Gene315	1.28999629010158	1.40646516997843	1.20155471788098	1.30172888569281	1.22026508610064	1.83657198546017	1.16546956852231	2.95009131620096
Gene316	0.716054674558903	0.710503176117027	0.723805460518415	0.723861484825789	0.716448205682941	0.711383727450418	0.711002193533656	3.6504428824926
Gene317	0.562964123818329	1.35858946803495	0.605124948228924	0.584611469034786	0.571242690213431	1.10879016861047	0.585691214713309	5.09380341934553
Gene318	0.635378533050418	0.618191814779915	0.59809906575341	0.604046045967654	0.318050427014199	0.625011200669973	0.610529651405098	0.63016635314305
Gene319	0.458812231792742	0.449500660554979	0.48491966819206	0.48780912686277	1.56332383367623	0.491892763005546	0.482231162764931	0.491114613257137
Gene320	1.95592052775625	2.39035343726109	1.24082208648908	2.01449523964885	1.89132539763872	1.95596254804353	1.57649681311438	1.91650097662242
Gene321	1.88795404310117	0.346621176622772	0.367511919287423	1.15029585015262	0.359991241304128	0.362484603487455	0.36092892800539	0.366096640520678
Gene322	0.756876365509752	0.546890162610878	0.557323752666243	0.527853729429201	0.537078169098557	0.547170163785282	0.540539735058651	2.50475062175892
Gene323	0.847398078204816	4.32164824814528	0.882758247153347	0.916631593402543	0.883357550763549	0.903271156623647	1.33240032335126	0.854257873949804
Gene324	0.829981764363512	2.39395476893441	1.00611698974408	0.826214035795751	0.824657543460632	0.857143325075011	0.865910929565974	0.840971559750142
Gene325	0.880728308154739	0.826587725935241	0.837015897154004	0.869299672098329	0.807408080480797	0.871109326183687	0.836592349870663	0.853711158304723
Gene326	0.588665930810626	0.461861943550039	0.65790592663039	0.459147150748335	0.465468840108289	0.472138730328467	0.484040316717361	0.474813559583412
Gene327	0.487483206959575	0.503692935041972	0.496228893457042	0.503290072897701	0.929468563162073	0.485126078820414	1.87536591060045	0.491353430756767
Gene328	1.0078804317086	1.01165627927887	0.995516542917884	0.97596553173197	0.998133781046557	0.602783205809326	1.01262501686573	0.995801748251388
Gene329	0.50584874204176	0.502792917923383	0.565717313158016	0.510317557233629	0.496823645247654	1.03215587046942	0.5105618931284	0.502984054591101
Gene330	0.523534112229642	0.554898421458441	1.6031792308348	0.552580486148653	0.514008245046626	0.550049436199081	0.541091005334436	0.526569991285264
Gene331	0.349279685578487	0.337255056100778	0.33854277442732	0.321940549574459	0.336154348582776	0.339256076412736	2.84456664526555	0.332093444100131
Gene332	0.743486900104207	1.30300179352365	0.717820561118712	0.683223313185538	2.38596672923694	0.741674271376959	0.780853698126158	0.738054281612115
Gene333	0.351037628305496	0.336594253020867	0.327587438648763	0.348244744928104	0.343505623487711	0.334111955211416	0.339090163592808	0.336596547820214
Gene334	0.895194747312889	0.894444426051699	0.878077276827476	0.842108925694587	0.847279430231848	1.26076391419786	1.28487226194625	0.888900100248909
Gene335	7.91139551298987	7.70522828674333	8.2867568230621	8.10601050529329	8.45081644684496	8.29486397508526	7.91862664200252	7.89670230801306
Gene336	0.34816480987507	0.334320423624288	3.86983833714626	0.336181309030503	0.357148697618119	0.348913281648998	0.358837633552003	0.361202229027315
Gene337	0.673705412354253	1.03233076791091	0.685769416425456	0.703147883845345	0.71512756083319	0.680476700722844	0.683505741834118	0.684985448901777
Gene338	0.412421393507952	0.401257568370868	0.420288726035083	0.41636262616662	0.399533876908916	0.428367774510107	0.419375580593195	0.427508265024495
Gene339	0.373082993259047	0.36093916128108	0.365978042284456	0.376050778981835	0.374825629130818	0.386311013156378	0.3561276829145	0.380820396120149
Gene340	1.76839466085299	2.88616339615815	1.27486853075174	1.76739615452753	1.83199243184529	1.86887737338273	1.90027700299624	1.98333240906078
Gene341	0.79083596550636	0.781609441440254	0.757466265886579	0.793265662521075	0.816580129881648	0.769689124739124	2.06419282031627	0.780210383821574
Gene342	0.523514533383447	0.514041563447398	0.515485945798298	0.53913862525687	0.53086081842453	0.509653583327163	0.532790845882023	0.521029080048884
Gene343	2.55012378130919	2.43185481184614	2.4972966690638	2.52175700610612	2.61001500153643	2.42776774693131	3.2732709740827	2.42856971781506
Gene344	1.00414785685841	1.03076363982032	1.05711475339835	0.99647362599371	1.06538554442605	1.23105698529247	1.08024887365443	1.03954558936432
Gene345	0.482584577189208	0.476805212101698	0.470234371219226	0.507450733676052	0.771134960145561	0.499958232725317	0.509858847470369	0.897375669377453
Gene346	1.52072344462605	1.54736916600229	1.55246469076383	1.53696268835655	1.46456102977435	1.45569818241593	1.62776621841526	1.52672548760322
Gene347	6.58747679093328	2.56062865549624	0.632289282478207	0.616763562625837	2.75155855088124	0.606327720667915	0.6114227552881	1.99961496625017
Gene348	0.849393193365265	0.921212775553288	0.842059341555964	0.854161572368009	0.871069097685642	0.865312362048976	0.863460130946346	0.878018780658986
Gene349	0.869527894951102	0.505114264506394	1.35333456733499	0.498359906275886	0.496847410930916	0.540910639893339	0.507175258557729	1.06764714900747
Gene350	0.252417400858897	0.268741577973363	0.26894151348523	1.51676645889476	0.313857908397778	1.98279208677665	0.790124305581098	0.259983943302708
Gene351	0.542739322118187	0.514287908671284	0.508638554164728	0.543276420753694	0.405112051544595	3.60594158478207	0.817610376565029	0.52485084261073
Gene352	1.97458156291659	2.04314759188331	2.11657913204085	2.04979514496092	2.16754765433094	2.01965932064834	2.03425633394807	1.24581872097394
Gene353	0.40446398983735	2.6604164304284	1.08543097417993	0.669077386506472	0.397951143507203	0.403775737269257	0.361479648786307	0.377131470689347
Gene354	0.285702284741591	0.289057935550894	0.296732009755297	0.299517467488221	0.301933773726406	0.282145629338436	0.303389066490853	0.289347411495569
Gene355	0.767763277717799	0.782224097804376	0.795279453244248	0.786693001683718	0.741771319817794	0.775405058136532	0.783665815981555	0.776794270145728
Gene356	1.22681357068063	1.24047490602283	1.8411359502731	1.22503989764844	1.18200696579733	1.21770873222601	1.25816128141727	1.26350856800098
Gene357	0.559671658945521	0.526954557214289	0.549737878097972	1.32225103840438	0.544202812443975	0.535296962292776	0.548952680406948	0.525928558816445
Gene358	1.25832602186087	1.38276867882352	1.28548467264464	2.94888196080954	1.20934336583946	1.30746085136609	1.31552637134904	1.28277214445391
Gene359	1.02840517289621	1.55757135852346	1.05783624816108	0.961839675944714	0.980992088391872	1.01395931931796	0.923378091479554	0.987723292351617
Gene360	1.31683500013594	1.29707265689002	1.29331974138656	0.934121265034637	1.27574334066882	0.836884469248518	1.25213491643133	2.00634308525466
Gene361	0.654723014906859	0.663720645329541	0.707975262574792	0.665035827824791	0.643794620005351	0.642376422555574	0.672859687146478	0.674861147344161
Gene362	2.47225951842787	0.434775662975183	0.430364512700172	0.422709861793668	0.440625207421792	0.446054925887852	2.46624833517539	0.430857903232544
Gene363	1.43654644940286	1.3633128993501	1.37085272734567	1.41865345589619	1.38623024472775	1.4246454362821	1.39424015264587	1.40385115480411
Gene364	0.560885362072831	0.546088437158043	0.549281317279727	0.573473750008031	0.567609455333161	0.553030675519876	0.585104281097592	0.574509404612466
Gene365	1.22084765217154	1.24166071977768	1.26091246137647	1.17116829439989	1.19373483990717	1.26396875719226	1.20127450362479	1.22221757849705
Gene366	0.334105101483841	0.319680689957977	0.340357701726054	0.327276703711418	0.317592481137103	0.332768244721195	1.47132743549694	2.46399463795187
Gene367	4.4984890169764	0.811256164063062	0.826739659242319	0.798160425870866	0.795369523339151	0.862784580648337	0.816433709784917	0.821911720845066
Gene368	1.07500774866207	1.11744740250909	1.08371335345748	1.08326387988309	1.08492540905248	1.07777121494449	1.1293537228626	1.12432357272838
Gene369	0.313542461499426	0.30833359235543	0.309450810766023	0.304869123323	0.301794168171569	0.289488413708745	0.315737951023759	0.322329255806528
Gene370	1.4265582872139	1.43590441294355	1.39849023746611	1.33729594623503	1.12723828601569	1.36816481682181	1.42029496898591	1.42841238929445
Gene371	1.34128692068785	0.493005284311789	0.487017665858191	3.24859974520838	0.466182084587291	0.483638740040296	0.484050337542736	0.481740980761891
Gene372	0.778948788076998	0.509383376071276	0.514464100335188	0.498612093532739	0.49329769124883	0.500355661434645	0.500909679947115	0.482345755418274
Gene373	0.531667989624857	0.52733300392757	0.529890125778815	0.54231215897111	0.512578740943522	0.538070521769579	0.522374061835091	0.529520594837352
Gene374	2.46319939295189	0.264398115716585	0.255661398516893	0.250970816867351	0.26672634883197	0.253118138244499	0.256303690076842	0.257182991339207
Gene375	0.937335086186941	0.903062509806583	2.12161006044958	0.870924266070417	0.856810902775985	0.875294302540495	0.851502860343549	0.873012147072882
Gene376	0.733089535120226	0.748640712302524	0.715853220077515	2.08048826115826	0.733921905297414	0.709946908330692	0.979612636771973	0.73630949303723
Gene377	0.474231310834791	0.491198422642588	2.75440998338912	0.496515240833936	0.462372405120438	0.473814753062577	0.500887931829531	0.478115741496239
Gene378	2.46980455642464	2.51648152253461	3.92901888599555	2.47026906694849	2.5080524894304	2.58935039829078	2.51791130519908	2.38072833061656
Gene379	0.819144111232411	0.844525930777795	0.416369152545499	0.824075626723832	0.822972546572207	0.828804519064502	0.819371631431211	0.82335093549839
Gene380	0.64681086691249	0.676336827418455	0.886557624709651	0.673581904112068	0.631758765272175	0.670256804755622	0.649001720605191	0.660404418409367
Gene381	0.24040812839734	0.239961321148015	0.238599024727676	0.244824583387728	0.307789599787182	0.247402290555917	0.253858686274352	0.242453673803368
Gene382	0.568222192654799	0.587102016028439	0.56196925373488	0.598883723831777	0.571356097286953	0.54608040973938	0.600195313052496	0.568748820491268
Gene383	0.591945049031906	0.595512044495426	0.590918829567952	0.557715514968394	2.0111060205709	0.572934417535775	0.889680928685829	1.68476772115902
Gene384	0.386868820181813	0.382579847332531	0.286483029318088	0.243230855098384	0.379407951349312	0.401813512301404	0.382318365050739	1.32493792491406
Gene385	0.682838681652268	0.72130134366611	0.705959548987128	0.693862278103157	0.761114910691017	2.18169157198862	1.23219132198043	0.717933899579078
Gene386	3.02559932765255	3.0155489583851	3.09599733236934	2.92589685109547	3.01260632060687	2.37679050535023	2.95084985224396	3.09366477662029
Gene387	0.515439916436915	0.513720597896002	0.525178328654302	0.515957503886237	0.509151496392652	0.493565995122536	0.496261587672439	0.491097465584796
Gene388	0.390648590882464	0.396502941105728	1.91014456093366	0.39988290785051	0.408076465227365	1.61044730900135	0.38184185742538	0.410293088340063
Gene389	0.609843607805059	0.611256768759072	1.89365790266759	0.592345749919031	0.618987735796567	0.404739670714516	0.574416523887006	0.5866336842825
Gene390	0.675005183509144	0.375423332278303	1.07064424343441	0.651188873351233	0.647352408839515	0.637706896759074	0.658252686427735	0.641837174977806
Gene391	0.586445838216349	0.865434972209779	3.27269463134974	1.52386015708558	0.883043258723705	1.24198924336311	0.892927654382691	0.850904350657964
Gene392	0.440658967636808	0.469728157571975	0.453553452323862	0.47167709302536	0.46979157812728	0.453253494210134	0.485656670821042	0.464522875535639
Gene393	0.268895784212382	0.482133517453781	0.517448034296978	0.522104205902049	0.479672868874667	0.475712612435786	0.490163093895125	0.800020145129623
Gene394	2.67455528895183	0.823294923044207	0.829247594177526	0.824604001126973	5.23740710856049	0.844219285143795	0.774083235556299	0.798906645631579
Gene395	0.62049376863577	1.46832332015461	1.82182544204342	0.622644672991723	0.60021514262128	0.661961517323682	0.649846504438245	0.652359067671054
Gene396	0.386684517619584	2.12031473247913	0.384635892276403	0.583030076254838	0.953523016943666	3.24978609942552	0.372019238455923	2.51597136149048
Gene397	0.509266275856917	0.50948643322951	0.481719246089492	0.763946346715582	0.501947471025645	0.490551047725253	1.78836466553327	0.495514375262532
Gene398	0.31168183123486	0.305091470496615	2.46146359758118	0.30944709340942	0.31636591388826	1.41196968448915	0.603433777022022	0.3176138617721
Gene399	0.611091778154636	0.56538986280519	2.63404190110185	0.595275372553515	0.547666099312581	2.13492123433146	0.559901827261878	0.593637729019782
Gene400	2.41707954788989	0.443709706647113	0.433374187778017	0.434757656598314	0.224073295810745	0.74969762080473	0.420280333569192	2.72561229339614
Gene401	0.403611240335359	0.409663115477779	0.425861374691556	0.413267598683432	0.416111071763443	2.67017965166523	0.417943346466512	0.398791267814513
Gene402	0.750139896309324	0.772407329275238	0.700204981001357	0.74419937077657	3.32326809973484	0.721848605682491	0.714255307923521	0.749189618457206
Gene403	2.23424082381673	0.702112017428229	0.693442524499041	0.703700924844733	0.711487082322606	1.31048485473372	0.645497180102753	0.714438909416264
Gene404	0.374561661006639	0.387969121889325	0.3677878029357	0.364216769098082	0.358371881275906	0.378490313782016	2.6587994107423	0.385751980990684
Gene405	1.28309475452983	1.07350460410931	1.05171378158984	1.05895682162945	1.02619773322752	1.01568919777634	1.02919483221776	1.09466421196633
Gene406	0.821804222474662	0.802638167948603	0.823479163129459	0.8463256282386	0.639571367322853	0.846736312884561	0.90222306748147	0.815701173631836
Gene407	0.350370383585278	0.348777684410693	0.33810957772223	0.358759817743641	0.336004052922538	0.333891944269433	0.351369743593373	0.334255562530572
Gene408	0.547784416105821	0.552510943205666	0.535665403366378	0.550238082019205	0.562486919923627	0.579301749517092	0.533702603571722	0.526821166998896
Gene409	0.611153693356595	0.626680515246797	0.602642842108142	0.649927813802489	0.648335523107166	1.81572774940887	0.345920682185776	3.17496090804673
Gene410	0.410791900739942	0.409400807547426	0.410609228480041	0.403018588313295	0.419409207867108	2.21826349575281	0.39670443581785	0.407746254020216
Gene411	1.72566457069872	1.8404589729121	1.80301377828889	1.01235090291843	1.79854117899424	1.82699840473405	1.86694072852774	1.76927734293494
Gene412	0.80972912255823	0.834300073680414	4.07009375868178	0.821480913973451	0.818747711239607	0.804534606309553	0.809278429540624	0.796455330845959
Gene413	1.09414133971923	1.05203987886432	1.08469542625891	1.11431353211561	1.00728168442183	1.03265046750404	1.07154795131131	1.05597510359548
Gene414	0.633295200195547	0.624507696100982	0.590148313093997	0.498079549317687	0.648623421461119	0.63128260515811	0.608955508174706	0.622436329483925
Gene415	0.330558686837809	0.328032891493542	0.342807586783686	0.33564785696554	0.323601432188305	2.66554929365456	0.334041514642321	0.337929155204434
Gene416	2.30766143146177	0.543050273974423	1.28354841051912	0.558714315313814	0.551618086644011	0.540466063494892	0.569253513250285	0.570151812742293
Gene417	1.88435894900165	0.411962066269727	0.409699510447217	0.413925952613795	0.424567214782482	0.4412359373938	0.405922652550416	1.38262647906081
Gene418	1.96674961165982	2.06319426048173	2.98929428474519	1.90658898483879	1.9806065832585	1.91996339409028	2.07709778675325	1.82116817870356
Gene419	0.772864403420942	1.3717079840676	0.7923988697124	0.79696594196642	0.821019360790603	5.35836880595386	0.775785411809506	0.74195993153017
Gene420	0.323922921719641	0.527406431586398	0.534289163872472	0.52205110070371	1.76114845646252	0.504269629147678	1.09733282616898	2.13847119799749
Gene421	0.419949913648745	0.437073957154196	0.443318591402115	0.429940657412952	0.41997004335387	0.387897560782282	0.425331765344109	2.51936817864217
Gene422	0.705845881011419	1.43756568035078	0.721242130875896	0.730636937142896	0.745231483119065	0.739773024782125	1.86792328538139	0.743324566558133
Gene423	0.422527625633267	0.411012416296938	0.411058937931784	0.430304166841282	0.389001222211406	0.420342260020953	0.402168381175236	0.40960450243113
Gene424	0.272131796203879	0.441460355391649	0.437977963606412	0.440560310878002	0.442989959858921	0.415603270324837	0.42312279962188	0.451831591594638
Gene425	1.23867374514218	1.00100184715531	0.971077322299567	1.03379957644239	0.945183188726355	1.04803760954454	1.01338067373017	0.993423493585817
Gene426	0.365471337615763	0.41204778032245	0.393182923980461	0.422050693208743	0.400720794909189	0.410572693829995	3.33130700867442	0.414512935661828
Gene427	0.542272346853215	3.8106224613029	0.526921237018209	1.81341578952008	0.537558577937014	0.518521986287232	0.510277857914176	0.525645404513958
Gene428	0.448694951454219	0.546219779567877	0.564759747900023	0.53050116347785	2.14572257762272	0.542592859441585	0.540784667272663	0.541082568687489
Gene429	0.519877497130934	0.49456295573261	0.490628125905203	0.485587789488583	0.504691484297687	0.525406656143945	0.46388417277073	0.483743325948398
Gene430	0.330295577031096	0.343636109699819	0.320480678556185	0.328520329025563	0.307232877608987	0.318994409738139	0.316139256163889	0.335619625717978
Gene431	0.423375494959446	0.430366465859118	0.426152640452445	0.414696851195844	1.39140445433978	0.423228627878034	0.432408948189657	0.429572108373654
Gene432	0.280389788693639	0.267881303287003	0.268905030378414	0.280190588938699	0.8089565363614	0.281653199566317	1.48380383421494	1.84264782093846
Gene433	1.11428124648751	2.09598223959509	1.10481288459297	1.12139737977879	1.16951399306522	1.12299492838219	1.18826146970982	1.63427157888245
Gene434	0.63569809860564	0.650771402903525	0.626304815396138	0.635557896681929	0.628544134646654	0.337426444165856	0.66115956128199	0.635370469693747
Gene435	2.00327020098156	3.06437132231158	3.24377527297199	3.14663063279727	3.06617884192388	3.32127717306529	1.67454417178884	3.02748128534714
Gene436	0.757392713335975	0.761530354278341	0.726152011375067	0.764642682255846	0.801414906405272	0.653259466931509	0.751286732213333	0.753043862348488
Gene437	0.972369085675613	1.4865106002162	0.981720493608444	0.981401756549835	1.03454184352632	1.03325674323298	0.993808007177474	1.03086200674047
Gene438	0.538563105202087	0.514213097180726	0.509038197217124	0.540813516311016	0.554340713020216	0.365166509602462	0.543785809481107	2.11404756093084
Gene439	0.503974446402428	0.516319999055636	0.501436747344672	0.512024689276235	0.506269517195776	0.494953694121263	0.50800147495247	0.514785297303985
Gene440	2.79285880976897	2.99444431429648	3.18255646338152	2.93464067172897	2.24904947472531	3.10174270243711	3.08298334862815	2.22495018158976
Gene441	0.40262503346051	0.398036419164918	0.384104792819948	0.402771258833069	0.381631431786497	2.53561225468929	4.10833070591346	0.393589205291346
Gene442	1.00273668797297	0.884283420049887	0.973150985458622	0.98014213389835	0.94458438442193	1.01229176863861	0.97915184607259	1.00088319167015
Gene443	2.33717428698748	2.23981098125995	2.20425243823316	1.1533910981483	2.22312081891531	2.33088447238686	2.28144121584583	2.18338528248181
Gene444	0.498551468964107	0.495669779583192	0.49330756188431	0.509274040850551	2.09743530860075	0.64106690406021	0.48788482493417	0.485661191151217
Gene445	1.33329592360002	1.36108002633206	1.35445808141353	1.33532458417625	0.688182153229389	3.08532677685041	1.24752366294134	1.25342882545165
Gene446	0.527389850832984	1.0895059871355	2.05649259729167	0.539915871401924	0.524306091746342	0.908025976418834	0.521760607281512	0.358550318750524
Gene447	1.35916264502059	0.634290006087063	0.649010056489989	0.642532886859203	0.674705167111609	0.669105670712891	1.17928765677823	0.675944573660278
Gene448	0.407053851053141	0.41517281253305	0.430276980950286	0.426468617985382	0.404611906455861	0.431426943994367	0.873555146078878	0.418011447610467
Gene449	2.9892917627007	1.47361841696929	3.65091659665719	3.39686809229704	0.326038575155728	0.320694330977149	0.333364567816388	0.309885466452785
Gene450	0.843907732971528	0.877380560950508	0.888961908500369	2.44380798914219	1.79762687262227	0.887529406761888	0.887311415841605	2.46471519341121
Gene451	0.615143489230245	0.553919436838667	0.625400220389753	0.60191426994864	0.589601664270421	0.622419767929147	1.41649927574352	0.613512207007943
Gene452	1.07543724227385	1.0856615625552	1.07017617915991	1.39440877448301	2.76086634903722	1.04888062497862	3.13007935101821	1.02382379424551
Gene453	2.11574094931685	2.1311775601423	2.10630929955914	2.01813066355431	2.05232051636166	1.95059748210073	1.9683838831982	2.04753170589631
Gene454	0.408365068914497	0.401010513795017	0.405917051718248	3.15379697785215	0.374695098231937	0.423922986948298	0.390978347715254	0.3960616819826
Gene455	3.04157951415343	0.796978688738876	0.766637888550062	0.756736222645672	0.739252411591181	0.762246738855423	0.769110387063724	0.780102390101389
Gene456	1.61061590803163	1.63302530716866	1.62377246213888	1.67488818935392	1.67749278522931	1.66037895418697	1.61890197296217	1.60298650890222
Gene457	0.596018205590768	0.449847910027065	0.45695313694934	0.688547901570225	0.457871169495067	0.460747987781121	0.444607544680425	1.51892173765497
Gene458	0.720467366838066	0.35834250616879	0.382032680409768	0.343878318334661	0.42717091877611	1.46372222891816	0.365811289611317	0.340333669450651
Gene459	1.41708602956503	0.492412673142311	0.445472142943472	0.484835348053037	0.503858304004849	0.476905049151455	0.506096121086767	3.29644392260034
Gene460	0.906154981338672	0.921456410959905	3.19131395394728	0.801010535624323	0.879044827135659	0.914041402397916	0.911176481696046	0.883938419566547
Gene461	1.81507213206876	1.16968620784759	1.32279023808431	1.02000151749014	1.3458469373894	1.08378780193856	1.33322911574579	1.45012026940347
Gene462	1.5974507573718	0.768504258587986	0.766057821320955	0.615119529053705	2.24530892466394	0.84516440609623	0.773719887718699	0.775044488502272
Gene463	0.507163542561332	0.45879438611664	1.75096175919849	1.38995882875576	0.476787722735818	0.482878011947148	0.50198905462837	0.498224230553265
Gene464	0.376620623952867	0.365145582316911	0.359549890918199	3.59950713176414	0.172937920556107	0.343296034703721	0.349167380045589	0.362385283394781
Gene465	0.684567691774453	0.661853612658265	0.701523273277836	0.652335562821252	0.657852042873421	0.672894067399543	0.672319899549649	0.646067826687143
Gene466	0.816324182740422	0.828082758394485	0.845933134422125	0.861386285756726	0.783368494145902	0.863646542182068	0.843106510037631	0.846733525903118
Gene467	0.621208303979195	0.753321731094119	0.622384363193769	0.631532913853847	0.610262396868018	1.45591763577197	0.604662779874355	0.611588162407953
Gene468	0.354082593483978	0.352702743535875	2.23873814219269	0.357895467687613	0.370575469234332	0.360994647748375	0.374408811699171	0.36038391677911
Gene469	1.38412413947779	0.364775370158642	0.369372641674815	0.352931293955929	0.376530433772521	0.383995622704094	0.378398371802075	3.13401085634933
Gene470	1.43597741125207	1.45178988778346	1.45298656425628	1.44986428971758	1.86743743972521	1.45646618015632	0.74740672192498	1.44374403558599
Gene471	0.487174474034205	0.478828936659691	0.502060710935407	0.50260120012746	0.490041193917578	1.26609043306639	0.497854654160932	0.510147476961015
Gene472	1.17866650325686	1.14488440920794	1.12033377543525	1.10872515693077	1.12577833295565	1.16171117110406	1.17118284376924	1.12216961696134
Gene473	2.0489811871329	2.31530615017193	2.0090710429358	2.20706374201846	2.11668186501923	2.09962987547289	1.18749762527852	2.10790864828005
Gene474	0.782305136054023	0.805252602170028	0.791736355598848	0.77347601933511	1.20875088743493	0.756884705562448	1.59808962674821	0.773263654114737
Gene475	1.4443297528177	1.48807234149263	1.51291131277555	1.4776950259411	0.702668515193239	1.53276747885907	1.45461443297033	1.40347744277294
Gene476	0.675233085254007	0.694045477920033	3.37796874689228	0.669235857136978	0.717995537134178	0.673960324392932	0.679753613937198	0.677709646671002
Gene477	0.695060608438085	0.659410717822407	0.679210284619918	0.90722726552186	0.668219429524618	1.58004667494183	0.673972959539917	0.649620882421808
Gene478	1.00739237830449	1.01468429385453	1.00092401820332	2.8896414817787	1.00684369889806	1.0149379041255	0.992123294005597	1.05003241775894
Gene479	0.375800232634818	0.372035963858929	0.376841227725916	3.34713482742995	0.384496408023052	1.28654987276094	0.373368826713793	0.370525036875973
Gene480	1.52429204624278	1.93030416441524	0.900659559118314	1.49104952041271	1.57706620946132	1.61137026948948	1.55396069979709	1.6299356991774
Gene481	0.538645558541298	0.546458014468818	0.536108244657767	0.551944624430767	0.526895225398724	0.553653879735512	0.522266562642909	0.550001910112336
Gene482	0.61980960461599	0.639938801552143	2.73656657298165	0.609491348485613	0.620057840605791	0.634313844315628	0.621321622546486	0.592009160214976
Gene483	0.353232220184123	0.387040361725912	0.354961367892755	0.365740769570079	0.341553578493688	0.196099042734398	2.92932576887639	0.3586453225413
Gene484	0.464115875474499	0.495864887257344	0.465725709298672	0.507404458108744	0.499607492177928	0.496696649312907	0.521051830603362	0.476286741223148
Gene485	0.755168569574955	0.932633694570553	0.921877482579901	0.923013855627379	0.927401547016431	0.907547642874525	0.904817178607158	0.901421850800682
Gene486	0.378611637086284	0.365073423975782	0.368855231576312	1.59569307846121	2.24407250060845	3.32521568507071	0.375055728807289	0.393279750180782
Gene487	0.541931457428977	0.540379685405867	1.7235419462523	0.572587776029326	0.545732711789118	0.527016204524875	2.38648729695984	0.54853853949119
Gene488	2.75944944598578	0.55377383750262	0.554656326445188	0.574889275504141	0.589631432918915	0.566331254904939	0.559587216950785	0.525879920334067
Gene489	1.67304019666398	1.01493896855627	1.0579512641654	1.07219496493906	1.10885723311037	1.04958408944721	1.05126338586855	1.02749662733084
Gene490	0.991145000578041	0.962036880608674	1.38172447943999	0.989306893098079	0.944544061376998	0.980183050741676	1.82203634680991	0.96556009440618
Gene491	0.563005857038721	0.585314198617529	0.585971996552566	0.573637469120511	0.584189927523623	0.590339933259814	0.595139409915236	0.565097560315261
Gene492	0.451152953797856	0.446726362790375	0.420616139382919	0.452663356665932	0.455397950139861	0.456062166606874	0.476223330474451	0.707382454964152
Gene493	0.566607986726206	0.53920188382855	0.540579843046916	2.95428710021493	0.511498673710078	0.561060616115096	0.578638626002088	0.549126655028914
Gene494	0.329426134727671	0.31774224967114	0.328478985832347	4.59232205932755	0.341594202951533	0.322775167355602	2.01918335087032	0.517913412208796
Gene495	1.01201996301104	0.403832069930679	0.400976374691247	0.397092095579784	0.393604195930929	0.392375443759856	3.02476615309447	0.411937841819673
Gene496	0.636896926023357	0.6436280393435	0.630702825399004	3.27070142492086	3.34968443170759	0.655565497455617	0.638275683694346	0.622128255128117
Gene497	0.68662479091934	0.685060574188469	0.696496608479566	0.731566480147274	0.677781441051409	0.700927188542952	1.06406603080441	0.710924386717187
Gene498	5.36108045319258	5.38042635316972	4.90231696867025	4.15582606498576	5.41409081329977	5.33232684606908	5.77148987705698	5.65816024384847
Gene499	0.526109740518036	0.500357184953111	0.491521852966959	0.493615472471786	2.52912333519895	1.70397112111921	0.488928941479986	0.523878858495156
Gene500	1.72497348923691	1.74346395382816	1.74292264798892	1.84696864981334	1.74651979925056	1.7647251294636	1.76313477437904	1.68411825202371
