Gene symbol	type1	type2	type3	type4	type5	type6	type7	type8
Gene1	1.38221067405018	2.71468238936424	1.43368373098574	1.36479274378305	1.69835263717078	1.33461739680421	1.43451119713255	1.35559068409737
Gene2	0.386368459341195	0.367921728332683	0.429848213982334	0.401115024351705	0.428913126782361	0.406973793744568	0.401311504994837	0.414962214701435
Gene3	0.67503596151202	0.70562349274645	1.86310881805773	0.666701352737242	0.370001969237074	1.3106630687571	0.679957809388126	1.15926771897197
Gene4	0.390081598037528	0.378064066181152	1.47644086831499	0.382335020833253	1.71067229009392	0.414197808575161	0.26659930098002	0.391178231347933
Gene5	0.25259615586837	1.50728084210958	1.54325471266772	1.04771703974103	0.273498263395884	0.74107381933755	0.254798515917409	0.256154725949549
Gene6	2.6758222488027	2.72494422416705	2.72913032177712	2.52811962453832	2.83043236172588	2.73215917073366	2.62315640912216	2.65910866457313
Gene7	1.02089986484859	0.421476285879305	0.425872153095315	0.421109712042486	0.413112551988334	0.402109661673436	0.419470150737326	0.413208228694252
Gene8	0.399334040987528	0.412676176449761	0.303073035478201	0.386413237288936	0.443742650608959	0.437772225115748	1.51862178332384	0.402368402912315
Gene9	0.460672686282181	0.463969605909916	0.668655194514257	0.51356138963268	0.505178372686321	0.494423255872951	1.17447912740799	0.46504680166785
Gene10	1.21384667113263	0.594816687333435	1.27902605502048	0.621428655885305	0.640609438624356	1.00883448034855	1.92839956462552	0.581900344778402
Gene11	0.31914405573113	0.295757162299407	0.30873088647928	0.288787117603457	0.325639336405068	0.300099126505687	0.27754130297777	0.30930734320069
Gene12	0.284389814847292	0.809709711620671	0.317369952515367	0.300863616747093	0.307651494509528	0.288650342106551	0.852481245420737	0.305030077412075
Gene13	2.42510826689708	2.57372186335632	1.48934227448519	2.54007182930629	2.95225333276746	2.6292018050045	2.59662490876315	2.61994402524482
Gene14	2.77895894744371	3.01460646907582	2.92885788282684	3.01359762989141	1.70167031721716	1.68500959656228	2.96920849880223	2.34633554418061
Gene15	1.1975185081025	1.23135094103387	1.22743096514423	0.574023638303263	1.24400363136148	1.23186153442924	1.24644635319197	1.23318942739234
Gene16	1.69112974178089	0.749486212750299	1.38982355815969	0.789029966535533	0.818612205670118	0.76831520106248	0.815081835661641	2.3099476060944
Gene17	0.403649979762682	0.520137268930686	0.837928746756855	0.410096970473847	0.449761329746665	0.427756813617969	0.411534070564331	0.419451586161484
Gene18	0.296001794601606	0.307439271726954	0.31241219539526	0.308618371076074	0.324444501743706	0.30493554425424	0.301289457997002	2.03647060280211
Gene19	0.485352425209047	0.505566427580604	0.515338618884122	0.490861606308807	0.554084394006469	0.50616154717925	0.491615903715878	0.468316673165025
Gene20	1.13576593427283	1.43807127268489	1.7633880707919	1.70721032517668	1.83109707390265	2.09430800751291	1.77739017178078	1.74296537148803
Gene21	0.492890234231758	0.613861226724561	0.584695577312136	0.612563165266505	0.636445755621854	0.622632292061381	0.591585254005406	0.882828904260637
Gene22	0.338433039612807	0.186035091981809	0.343702495133099	0.342463714087863	0.361135339181732	0.351724383033086	0.356434970762106	1.58883923050432
Gene23	0.665549430496669	1.81764356814484	0.685885854072087	0.685638162813241	1.7221860581189	0.677984857207862	0.964155119063005	0.681147970912289
Gene24	0.264840243501734	0.657029435165633	0.278838581501252	1.56880340625776	0.293248373238731	0.275831953840222	0.264527327046954	3.25480233389522
Gene25	2.51705310463645	2.59510989056488	2.43590853336261	2.50244499688572	2.61771007546849	2.56866759289759	2.5435087168141	2.41431333369097
Gene26	0.176421488773867	0.180142603749927	0.194932118263554	0.138493194262288	0.320878808902746	0.583031857874392	0.178789718527997	0.332529863978912
Gene27	0.957083659117142	0.446647209967971	0.469997554746386	0.462490909721567	0.468545918623705	1.53119886400008	0.485404985553931	0.463238660041731
Gene28	0.605105845945428	0.647631821622126	0.624083782483574	0.689461865350545	0.665748753487034	0.707976409767271	0.648115016589417	0.651139237874225
Gene29	1.36076314684269	1.45933112326803	1.40529560884729	1.44783216379705	1.51751030217983	0.777170703238142	1.46091707358211	1.4742452947177
Gene30	0.338218345305135	0.363209243841873	0.385419621548252	0.359683698582634	0.382039709053278	0.371980570200843	1.60037053439789	0.376763610714334
Gene31	0.837090879122085	0.854171211446121	0.891418605230208	1.41238049848536	0.886900458496386	0.849793579116287	0.457389644190057	0.877774015698966
Gene32	2.2087774163148	0.333947629616358	1.76012405331607	0.325533742047634	0.347486194872311	0.322642182261798	0.331414409884894	0.348342332090273
Gene33	0.6281671727305	0.56378430402777	0.589232253055463	0.599725346758477	2.0931028066513	0.635269282536019	0.594558217013257	0.621331347113016
Gene34	1.37388486270078	1.69304100586296	1.13058804593293	1.44853142561873	1.52225248777654	1.50743760324038	1.40876692890637	1.50931086810307
Gene35	1.60490342813697	0.548455914986394	0.601509167151314	0.535743198915966	3.28362551812915	0.584962735228096	0.556512714505528	0.551181190413181
Gene36	0.747503426401268	0.759403985656137	0.76154956090535	0.699256085178525	0.785003970254241	0.758888934003153	0.708387916371221	0.766893475436001
Gene37	1.96960990679808	0.682760189988439	0.675166441060647	2.44334896291261	0.675601465222619	1.04698538855022	0.580478576868626	0.668781349528829
Gene38	2.09706614425892	1.30056415598616	1.32653466563061	1.29734990789286	1.37432498463561	1.33061055841125	1.27587722595886	1.31784085244784
Gene39	0.634465239630592	0.595182666934014	0.612815571338836	0.649536826550255	0.542522621198423	0.727605806740848	0.650494538522982	0.548919401335199
Gene40	0.387781182221526	0.408595728793217	0.394074975172733	0.389358272462076	0.408333654200356	1.33977388051068	0.380293528978632	0.415241256009733
Gene41	0.931872577524699	0.922922079055333	1.30071863836422	1.15078586013505	1.5358856174092	0.930148387601342	0.939879350268868	1.28397141540446
Gene42	0.472119306627268	0.461748539071431	0.448357975092712	0.80835410023945	0.452614156343693	0.456850124238742	0.457404836894413	0.455933930048514
Gene43	1.0157813216804	0.970070636644249	1.02237214500272	1.02416809186362	3.46477858003949	1.01546471532604	0.969372725482013	0.808634659877677
Gene44	0.924626997391175	0.236274694718071	0.248286025175406	0.226593483898322	0.466230352865899	0.257608867729948	0.227617890533403	0.250806770882968
Gene45	0.460218406121612	0.478981340496115	0.547721332252567	1.64348392331448	1.16642936864047	0.449971890813986	0.455703654348394	0.470536207027833
Gene46	0.373641692251258	0.370690521672138	0.389486229919484	0.3821507326982	0.772872080405608	1.03157659431109	0.389231996724952	0.406598195480955
Gene47	0.356393678700379	1.67908213398533	0.37671846415056	0.493960332144267	0.400208115093031	0.38002020428191	0.355140602920262	0.377574887432287
Gene48	0.435771192470971	0.43771061839529	0.458444476063622	0.448945437006875	0.429468658180066	0.438700740696105	0.448722622041587	2.91411532968815
Gene49	0.924590128879767	0.929596324861584	1.20611743436137	0.917265101867278	0.939472653960017	0.931912959908338	0.889560762792226	1.30587233134198
Gene50	0.911730987781441	0.910905899936493	0.934514308305144	0.88476826902737	0.961568196820362	0.90546026887981	1.76323334205894	0.55086148629483
Gene51	0.337092086384977	0.337117384354877	0.347537256750216	0.329948039063635	0.355460517542139	0.345403641405232	1.34055198605577	0.356662694461939
Gene52	1.08495883392977	0.888223810025103	0.678770939271977	0.811374156390004	0.749536105189876	0.377671852337777	0.648731495538043	0.730333775348988
Gene53	1.09236380527275	0.59508657369505	0.617296793597534	0.594291468881184	0.643852149969584	0.648578954569074	0.577184738845489	0.626768804782061
Gene54	0.758050069406516	0.761432478398597	0.783628900173981	0.787296704572475	0.794391932436023	1.64958301207962	0.747862870639431	0.795868590201136
Gene55	1.70691558157883	1.5786618678477	1.59950727937734	1.60430154747899	1.66887365307711	1.65843890605791	1.48645842460434	1.52837509606645
Gene56	0.59918441973633	1.18862240803711	1.04084317458335	0.634987977182976	0.681512318853463	0.628085127700236	0.605479196604276	0.621468381449655
Gene57	0.800801009411264	0.750796052989017	0.791538099231538	0.818085378458401	1.86451269059486	0.77738092714985	0.816479038004615	0.768377754995053
Gene58	1.67713175585323	1.67674449444847	1.80694315164451	2.2146612952885	1.76797839816322	1.81504103815295	1.71073328105093	1.8613776696956
Gene59	0.252781534709479	0.246287083930893	0.267001668300781	2.03229983920168	0.957897531500787	0.26171018065386	0.248883591204422	1.10111537430529
Gene60	0.734919378747658	0.721279632673414	0.736697741098886	0.729536667791885	0.731820022426472	1.98988711691406	0.725683101748153	0.745329733648314
Gene61	0.363424056377298	0.367805345887313	0.380395368412254	2.55157652625784	0.403435973978823	1.62539063121624	0.299027133439346	0.386602621745329
Gene62	0.468488612906834	0.489755254435733	1.1142965374482	0.464988502202594	0.480482990640073	0.465747406011528	0.449434727880083	1.1459846325925
Gene63	0.371661742220215	0.359419045908263	0.368407925231176	1.25734824108721	0.389144450776631	2.04873987196633	0.377911968562907	0.377330497956683
Gene64	1.85171352829161	0.353242251552939	0.882484185961	0.350038967864739	0.361237030458656	0.348150777910328	0.305891859683905	0.357041573991318
Gene65	2.38762878108466	3.31096641558144	3.40074718862851	3.1815743696565	3.47211658912124	3.58821925426938	3.45658627549092	3.47461018029572
Gene66	0.812083538060041	0.928999290636778	1.21443031491345	0.87314973723407	0.872533174486809	0.840018680398687	0.846289478542551	0.874457685844889
Gene67	0.452548678376285	0.474767846645656	0.476939794490863	0.462523166698744	0.489286334107518	0.469580321660521	0.363886741083139	0.469078161603228
Gene68	0.664082550838527	0.676623206890031	0.909770636799862	0.645696822874251	0.669864983647829	0.68227782229825	0.665151064318281	1.53037642387496
Gene69	0.571228783254555	0.590098054004947	0.620767079016758	0.420399263767361	0.61407580956222	0.642355227742095	0.560133624570321	0.611994393564666
Gene70	1.23076398218275	2.03771643684731	1.42029813911855	1.11386882615852	1.52408801756388	1.50558327576986	1.42722151665758	1.44734949680928
Gene71	0.250156652009152	0.28826573560494	0.302406722519524	0.89292793759291	0.312700029547429	0.292125631805003	0.277793967741729	0.292515758677766
Gene72	0.873317982475067	0.880772801314086	0.888313844907168	1.87194220618831	0.96167914263735	0.919095780432205	1.11211300924246	1.38351829465272
Gene73	0.920085056906959	0.944784240101379	0.926279206169405	0.967924641548813	1.8699495394385	1.73042830605838	0.90643066583037	2.76953849482498
Gene74	5.0883278601505	3.02993549527962	5.02210413368197	3.20048829534594	2.95342451755875	5.46548743097141	5.01605371345687	5.13883618920137
Gene75	0.672978916487503	0.657446098139035	0.869107611754102	0.71230502204335	0.695249550701664	1.74032944917816	0.656149220660344	0.677760304663522
Gene76	0.918476458399988	0.97722854271646	0.967228605677353	1.99534279533831	0.979024031657492	1.88718039205251	0.939828153467224	0.93966660290818
Gene77	0.546983926389889	0.530604315547244	0.557202200237729	0.800514422323956	0.561610645955358	0.562064658426305	0.472031257047934	0.694463325906681
Gene78	0.394743400125279	0.406010051696733	0.39965474209701	0.394529531460631	0.430740209828985	0.409295642125886	0.381761317117429	0.420558233432219
Gene79	1.11409296303	1.62426153160889	1.67408272133473	1.57058112418103	1.22951075466648	1.6858788173262	1.39637431735594	1.69491187201672
Gene80	0.416690711424596	0.308808114994756	0.305403465363119	0.291022242802522	0.325789389818886	0.318486169315847	0.317946320579272	0.311193431550512
Gene81	0.452752441136164	0.45781809893	0.450770561766958	0.466455696905011	1.05780100970015	0.491034200058164	0.469307779792835	0.487161077883236
Gene82	0.992408218342643	0.990585564761488	0.975573558273402	0.609372600185601	1.0764450101788	1.03683005478616	0.958323263167244	0.927170733719859
Gene83	1.5460956357398	1.35605553996114	0.622922076402159	0.662786309124535	0.613918778063673	0.505055457111535	0.567708687477848	0.60790244477854
Gene84	1.60089961978287	1.62908505273754	2.32300417013018	1.60455173660832	1.26798085556283	1.58736627081091	1.6715851084426	1.19338865405506
Gene85	1.66091942524727	1.53985077174554	1.06731347170369	1.12663200566024	1.7361216742963	1.52710662738667	1.54480357731339	1.54004198004885
Gene86	0.527490814821254	0.39613269779961	1.05022227394559	1.23708844375864	2.36213918707261	0.401061273013473	0.40266611385471	0.413745847688936
Gene87	0.568981324630699	0.566265932881129	0.997319271311384	0.979512711925721	0.606307375351559	0.589306369730131	0.559160170660534	0.59445282196616
Gene88	0.439919899621302	0.446939454117677	0.464087664111868	0.698408992865654	0.461250048809433	0.437587189127877	1.18587191618868	0.457789509799208
Gene89	1.53527190838948	0.327745962962392	0.348881200883599	0.343407987138097	0.351487003474251	0.32125040000995	0.335413878638895	0.321406555029888
Gene90	1.50437574061203	1.53380286879291	1.63679984506894	0.915948509061432	1.67223012658773	1.49662233237394	2.76501181402886	2.1445196138825
Gene91	0.293002689554074	0.668237346066238	0.310887075914141	0.321505464165406	0.331418958482488	0.585295026188527	0.313789519308247	0.312381912942072
Gene92	0.761543547668683	0.768242160862937	0.753686507059199	0.748032811212848	0.827501648487725	0.824609528162402	1.13981261546749	0.859741296835859
Gene93	0.46553463574406	1.28618424325458	0.476184980326483	0.48583567255024	0.499185698247418	0.501818908924991	0.325299738787219	0.483029262268375
Gene94	0.606059034544581	1.40723683546267	0.618658107622081	0.651295681410233	0.907304938654114	0.669520139412288	0.63142850763926	0.638136353032674
Gene95	0.314432002432552	0.308900967964257	0.319889293720739	0.319730685081569	0.31218774704939	1.45861489230102	0.315514009001362	0.314144332798842
Gene96	0.737517489436082	0.775275599857392	0.722354939577721	0.675261221504613	0.758568274551281	0.739841249046099	1.89974462279927	0.687517935050697
Gene97	0.498384394368855	0.517239049844186	0.658648449167434	0.469656023011457	2.09106642778888	0.534689185880964	0.482392546216835	0.506340517810429
Gene98	0.970075240469962	0.306941676281173	0.305113276998366	0.561101718297103	0.319669460676761	0.328810036889102	0.304240982500877	0.304273232571424
Gene99	1.59651802148958	1.70848304517985	1.68969438111597	1.7055627853646	1.77841251628116	1.4565511476217	1.86508075256708	1.66180565575278
Gene100	0.601836044185085	1.95158550858895	1.25094306110583	0.650545747940307	0.658011179672966	0.636522211645839	2.31091073088227	0.622127395624615
Gene101	0.560245015109898	0.545474127902748	1.17385316395088	0.558240721385567	0.555369112047881	0.551340022542851	0.946201841002791	0.258943790697235
Gene102	0.578354711334796	0.617423897778347	0.593941800156428	0.609514749285132	0.614395314295182	1.02898167570162	0.561021012376704	0.634997114514475
Gene103	0.479138640041753	0.829374772205079	1.50112067103031	0.487712206160592	0.545101158463694	2.31526967255633	0.518268259483328	0.591446465215623
Gene104	1.00412383557104	0.335575267792857	0.35480406054085	0.987042387260035	0.462645667225665	2.57242682957998	0.361567758654181	0.362063452726322
Gene105	0.50070485916567	0.536697620650558	0.502143821848759	0.516717513224706	0.562138574000971	0.518065691190509	0.502213746875486	0.498392826402277
Gene106	0.244741775497905	2.0516141201319	0.262420457793203	0.246966379219245	0.267654143906942	0.250660281244346	0.245676901671828	0.252628078891573
Gene107	0.473655307321356	0.890983774746365	0.53956617892829	0.512104764682391	0.555512441485918	0.509670350109589	0.520916467103564	0.532500844549548
Gene108	0.548876083444231	0.559574338868409	0.563642937541591	0.557484916109074	0.758454227018105	0.564751863554527	0.557087146592046	1.19105892970278
Gene109	0.684034682627855	0.701355989134673	0.70254298244867	0.704529798711743	0.749783300390253	0.745439180840976	0.70049889847928	0.697825351267709
Gene110	0.600071598065833	0.603621320977075	0.614515910457277	0.601635270958558	0.628201204146399	0.564918627437549	0.584572974224667	0.641417299028961
Gene111	5.99811857256054	11.2823922806817	11.5619003057099	10.7872968030261	11.3713825488996	11.4377037992192	5.915090357546	11.0217142027819
Gene112	0.419264164971079	0.433454518197014	0.432844144571941	0.429937381724274	1.48250859495791	0.44928249524865	0.448645106547315	0.448581975024615
Gene113	0.317884859836058	0.323260971558217	0.344312934009244	0.330067646558983	0.354167276538374	0.324096299632833	0.332082897207152	0.344866461620451
Gene114	0.757117882123274	0.740898381871021	0.73358870127155	0.486640274633084	0.803160178783526	0.778496917777951	1.53848547737387	0.753788336830975
Gene115	1.62109458695156	0.571462017862603	0.596830572665745	0.574718330492298	0.599910468853047	0.558465717000156	0.671990958124408	1.24808725364386
Gene116	0.341143610883477	0.511631831500994	0.547853107320795	0.488300988164902	0.55774323469212	0.490329888999292	0.510254563940037	0.530906544063584
Gene117	0.39715840469572	0.428078443661466	0.418121893100862	0.911837984115315	0.527840008991832	0.439967804708402	0.404686243396725	0.428860035860861
Gene118	0.442624633519565	0.441765301347148	0.461139252140394	0.43563855097551	0.467289084363109	0.481619474970751	0.445803452200425	0.449679297599074
Gene119	0.778344544464202	0.483691523537285	0.486255278331174	0.444837404564434	0.32323116627035	0.499907998094178	0.46957124810368	0.480057614857121
Gene120	0.689974149581056	0.702730387041092	0.706298228416683	0.707517313114799	0.717711181299179	0.681910271377097	0.672928326660151	0.725004491155877
Gene121	0.974282786243708	0.550421153236595	0.706365193558689	0.592199828463505	1.06026683150449	1.05994805783514	1.68382342565916	1.02539419638961
Gene122	1.19018218907553	1.12946175330224	1.25393247807199	1.59622694006921	1.25321225836139	1.13636504756795	1.14037310002259	1.19589310059619
Gene123	0.310175473094779	0.293058201501574	0.327649423729765	0.947213221648073	0.33150824763936	0.298328675161608	0.300754009021582	0.322145535941016
Gene124	0.589132711866615	0.327568997432426	1.2165788443489	0.598808161202912	0.630972413859996	0.617352747562734	1.13593862281454	0.607108753278857
Gene125	0.553272276568046	0.563207566412836	0.557939311911699	0.547502066577089	0.613149319312804	0.543167590399219	1.87343286636767	0.567973566819267
Gene126	1.042185859099	0.330558657460434	0.340964675845138	0.328104133987823	0.336012619124646	0.333908256759323	0.332314606327108	0.348740477455615
Gene127	0.508854830935068	0.544233058560392	0.528895579105016	0.528249216688415	0.54422594436482	0.53238379295402	0.522109578696444	2.02042587185294
Gene128	0.297068288101464	0.306112702286812	0.294244585952187	0.304936935741835	0.303429954235332	0.29312160942323	0.309442623053366	0.307435674628884
Gene129	0.467272876314166	0.486903084107761	1.2110914877369	0.729554323938243	0.509633385414327	0.34324784073531	0.472247286070494	0.502927767173418
Gene130	0.435090965622036	0.440372885400625	0.823024533159369	0.445868820400961	0.484086039479118	1.53992158382353	0.29725121745355	1.52593178892872
Gene131	0.538661347879445	0.537040549752918	0.537043725618432	0.503201048839061	0.550915144171946	0.568880721147729	1.0644493267465	0.542642478785451
Gene132	0.138998621482675	0.752730927328924	0.371763568295848	0.247793677968451	0.246678282231014	0.270876642086173	0.241008253389475	1.90954538296141
Gene133	0.461198791024585	0.484519266280797	0.447811585948284	0.932139930861577	1.41775936031595	0.479570629351448	0.435691837424753	0.627700529569145
Gene134	1.21970301942203	1.28538611008143	1.37226290668446	1.2680474380819	1.05981110081526	1.30932274177207	1.22812103868795	1.32541659103766
Gene135	2.50976830415873	1.9392996554505	2.3980865036176	2.44276005623527	2.41695562700111	2.45116933542382	2.33408171950182	2.51058191887508
Gene136	0.93342716204523	0.934870036168308	1.03205329633654	0.992043619589026	1.00054756171548	1.02288374918287	0.999619052500221	1.00587325301792
Gene137	2.14932169491427	3.63610385742051	3.6950209437326	3.78686183958657	3.8825570061181	3.6387737628647	3.6469927458147	3.70805111136654
Gene138	0.302112652661085	0.309691735762667	0.332562104911118	0.316499535674219	1.52570114775032	0.368424218750178	0.311575920606285	0.327187245382313
Gene139	0.542167342684451	0.553945673719574	0.524114845331742	0.64783892875837	0.535880673983912	0.619832340242446	0.428863896945484	0.51002630175636
Gene140	0.501128538203604	0.506786098729367	0.521908426461189	0.512678800985933	0.543833351622849	0.966636559374525	0.502368020219061	0.549350016784593
Gene141	0.54439821790642	0.817974333884227	0.560894606543507	0.541047831858575	1.24088480356021	0.562463196408116	0.807898057148604	1.31822280570256
Gene142	0.394060118946615	0.373910558356803	2.11081547720543	0.381033561218539	0.410632801320255	0.39806319977832	0.356087000904956	0.216422554853312
Gene143	0.283889123959359	0.298023039751912	0.291926608807536	0.296439765212862	0.312623391615081	0.153929301757929	1.8044110606355	1.93613813690421
Gene144	0.64610711266082	0.693904318010041	0.716017640629852	0.716415532911774	0.773924793577177	0.730551332741471	0.833258858191924	0.730451999447284
Gene145	0.706302081675654	0.555349017156636	0.906898757512779	0.535380570427882	0.576087287341893	0.578539764569364	0.543293306881986	0.564410590240354
Gene146	1.05034615596351	1.10746600449967	0.815544208397826	1.12594245131448	1.16643137093017	1.1477703361518	0.80609056990742	1.13921628747715
Gene147	1.90161453870458	1.81209082163356	2.01620643299428	1.92360544631758	1.97978181860453	2.05921009585185	1.99798121532653	1.94853200093177
Gene148	1.24163217111411	1.80307688539494	1.24294279508734	1.29250889777695	1.32360030845753	1.32273495898189	1.21797733656612	1.38346430731135
Gene149	0.433091662288472	0.762303108261731	0.56124925917155	1.7071356246436	0.485942214958421	1.13003489612443	0.434153378270433	0.454641421892693
Gene150	1.59436481291329	1.6091155233198	1.22998791331683	1.63441561558212	1.6275341668162	1.67492986931718	1.5292709522681	1.52865822327412
Gene151	0.728986610631984	0.687915198008023	1.93116757941131	0.705519008229341	0.776613688545952	0.788026628534343	1.54675147348898	1.29875876423697
Gene152	0.905019558963196	0.884010444345789	0.479214293676185	0.844230710201181	0.911239563192896	0.945122008819892	0.857811354507353	0.846502307695522
Gene153	0.453042327903037	0.556573790196291	0.490686277043442	0.317155046276026	0.505665298147756	1.18088414162431	0.49393475582756	0.664315578563985
Gene154	0.597750738191734	0.324091339726619	0.319328360120955	0.324477828833153	0.322291396878658	1.27887937102537	0.316637429008383	0.330272125349425
Gene155	0.956501778088653	0.731758765059478	1.02035046152268	1.00690268299446	0.983623951294672	0.991969559772378	0.942806656715398	1.0304282475382
Gene156	0.838460794900834	0.695355395351565	0.896610245569441	0.98186881368522	0.934567364555935	0.897245354870651	0.847100492353611	0.86754913873297
Gene157	1.59366900294598	2.00514748560009	1.39341475314603	0.312903967428726	0.320683667627121	0.310140452007987	0.320268609235644	0.314587959750356
Gene158	1.06126527637853	1.07700466830357	1.16026222975221	1.16871566395658	1.21646302813776	1.10683649279733	1.08936780546906	1.57932580079858
Gene159	0.236359700964699	0.250211376366214	0.251959550807427	0.233585787256909	1.91267002902837	0.283581705864099	0.41911592266116	1.28468699951004
Gene160	0.254531620070841	0.574331337671814	0.389338098241137	0.657238257648459	0.39710649209445	0.398069561191983	0.398258111035215	1.28949827983273
Gene161	0.416264622986441	0.563072453624498	0.914845650062524	2.25269284059693	0.436393325970513	0.450768674244303	0.423767114534277	0.412931287615841
Gene162	1.93607449841765	0.83666997050079	0.815197498817373	0.834471129865029	0.901284924051381	0.876761035069557	0.783145303734662	0.80776914842367
Gene163	0.912150495008316	0.909606712919018	0.881012413107886	0.883968111716144	0.944297050606844	0.911825793252831	0.834903096131951	0.922095766749401
Gene164	0.580298915797859	0.309828688206325	0.343852136666676	0.252289416426136	0.333983457535681	0.319762005277842	0.337024115161964	0.334798614103767
Gene165	1.56994433648017	0.356997844004682	0.688204314371291	0.708558641029111	0.707295750379588	0.698261494198586	0.857650365284424	0.677507327821783
Gene166	0.389003996722246	0.39733424327331	0.393059433547454	0.390799164502673	0.499706905350798	0.397598214629124	0.37178664394627	0.394924886698036
Gene167	1.4048378110197	2.3776792974001	0.968357573397313	1.69422261835534	0.562548342417682	0.975389563066301	0.887893381809182	0.997515067151766
Gene168	0.321110079799086	1.39070936883761	1.1896263398366	0.336584808715106	0.349763299678278	0.342477274922487	0.342307346507479	0.368168306375893
Gene169	2.01380322988885	0.588660121095098	1.89432026203972	0.565618828992979	0.568704170139973	0.608568981662974	1.00115635227898	0.610793301429657
Gene170	0.360660428788504	0.339334524780496	0.353200233931967	0.339791957277194	0.342699781548584	0.35056991711838	0.323504983113988	0.32989553919861
Gene171	0.370262692527374	0.386419115343097	0.379687285031502	0.372783499054497	0.398861079847075	0.216648601152251	0.397393514232678	0.744804849164714
Gene172	0.758054715584581	0.832031519235391	0.785061727838124	0.760780790489477	0.82974675000127	0.830896206117282	0.561684840803328	0.78019158357765
Gene173	0.951863120393232	1.03676352736878	0.968534094914449	0.95055307634412	1.00031016007342	0.484685935268441	0.951299789555034	0.738100296765962
Gene174	0.754719214497267	1.50909986071383	1.58002286348378	1.46417124328653	1.21687594998779	1.45491097037584	1.43717775084285	1.48602458692326
Gene175	0.547231169678259	0.575793365491313	0.580884376664097	0.597013692715287	0.634541287524163	0.601522753017818	0.590545117866667	0.579286176325195
Gene176	0.837326166867964	0.883224237404179	0.91887297767111	0.867305290707944	0.892264485553393	0.891596267832416	0.810123198102111	0.915471873007746
Gene177	0.377778528088785	0.495224570394704	1.33791189304172	0.374126339992501	0.406816465125263	0.395617111596442	0.36855284900779	0.375703511698992
Gene178	0.69590456869795	0.711741137721595	0.739916503595077	1.85603677698468	0.728158451421073	0.724168592788539	0.69541656773764	0.698110952418674
Gene179	0.559788807630601	0.659019913424555	1.05737169029362	1.27917102755172	0.700111928835879	0.639263108083599	0.595314855695355	0.668544051537717
Gene180	3.06302882043084	1.34847886779933	0.285276939735123	0.409040920125049	0.435360918973709	0.246920360855757	0.404617218134765	0.411026004153069
Gene181	1.21894464375088	1.13464139720159	1.26107439775986	1.18461018895407	1.30357718481386	2.78747946143087	1.18139866241543	1.22764566448858
Gene182	0.418976009112276	0.718075500658997	0.42848876038281	0.439235994540474	0.427816328385586	0.434744343090327	1.01638574535047	0.384434679908428
Gene183	0.476930251286842	0.489610050168603	0.504386696270783	0.477703673805619	0.567494715740583	0.497143432669656	0.479809186291617	0.499158510804105
Gene184	0.361535124534745	0.341193468031099	0.34195333180138	0.34008578173591	0.37520858680776	0.354096088297065	0.504990732002878	0.342967699540682
Gene185	0.539095282675594	0.537463602286178	0.542425223243834	0.5253438460678	0.565632996314996	0.540043271719333	0.531350320147766	0.562655231796773
Gene186	0.393616705388253	0.461344621505624	1.45448765124877	1.90952105374084	0.454368699495877	1.29301076799003	0.442489834474589	0.442658297170406
Gene187	0.337070399535578	0.333766523443895	1.16065545314782	0.363232511665654	0.364635252465536	0.334340936143412	0.344196517481621	0.332527812329813
Gene188	0.232541403892819	0.235620736666992	0.236964524524714	0.238731444962508	1.41381020168365	0.232628907341512	0.242626476612658	0.65660696979345
Gene189	0.543626012418917	0.561660346513973	0.561713088769089	0.549565264358259	0.584974737160806	0.579770811087894	1.24151137547745	0.563987542467475
Gene190	0.708741213407863	1.05106085452327	1.65139908152563	1.04460261063281	1.06185156862297	1.07535564805937	1.07024069252541	1.19300826687706
Gene191	0.249477229262836	0.246586706284908	0.247310113611868	0.255968102532052	0.265102153813669	0.93579822776804	0.256921451743401	0.243563278852868
Gene192	0.364585200410034	1.56001346889451	1.39708917164674	0.359243124664431	0.366303085826983	0.342503851347338	0.748072633594416	0.364833404987719
Gene193	0.418582247533905	0.398165327466807	0.423513657142757	0.424828111400052	0.458936528004378	0.444272699718099	0.431733168600526	1.7701780310407
Gene194	1.24752448419808	1.15522406238892	1.20923420350754	1.18427613464628	1.20303807367355	1.20518810002984	0.613526701817177	1.19790612535733
Gene195	0.396228597441205	0.720028567243428	0.74276771394858	0.41198625392756	0.417158643906499	0.435434996993784	0.397557556459699	0.452860486434576
Gene196	0.642283382841248	0.622078165794692	0.661377044445307	0.646334877897759	3.25062141141215	0.686319612197954	0.690219496634924	1.47720279218405
Gene197	0.761653994608277	0.852920403734285	0.853764441633652	0.866571865636557	0.861460169391681	0.846069085890451	0.833646345621545	0.801882396706326
Gene198	0.195167040515189	0.288473918949733	0.283538083869422	0.286057437843213	0.286592518800291	2.35771167932318	0.28419256705718	0.275417733088446
Gene199	0.400090121419878	0.404615508670388	0.409897882061718	0.422468982838692	0.407195213472759	0.414002830378029	0.378897867236061	0.425267433933306
Gene200	0.319219456199033	0.326615315887383	0.328018062735723	0.33379709125568	0.346972017795054	0.328559913015698	0.317883064075352	1.68931621209869
Gene201	0.332937712077671	0.350553310425365	0.360194993191399	0.356947837945044	0.354357892401566	0.347668450077461	0.361503913242347	0.352792153837694
Gene202	2.4459477481484	2.57786127376589	2.77127782439735	2.67838222457395	2.69610316711498	1.81487793982544	2.57643253982887	2.59712448283623
Gene203	5.9103251378735	5.961553826298	4.19307369283587	5.97795626429899	3.58282302007362	6.25607283210061	6.05983472401048	4.21375917945428
Gene204	0.208236160282629	0.328914429800889	0.331711028143447	0.351895258612177	0.344930444065492	0.331365167781107	0.344304259799007	1.10296853588785
Gene205	0.413391135532058	0.43162283620045	0.43342501682327	0.420896388290037	0.450859676978542	0.42399312546583	0.424164475143004	0.448577460631373
Gene206	2.45633198654242	2.57380604893957	2.37002600180995	2.53614017856258	2.6263627800772	2.61872218210037	2.47176652895527	2.60398354633221
Gene207	1.20864435236448	1.46816087421854	1.47999146672554	1.44741561701042	1.38904218835742	1.81893139392669	1.37394357325594	1.47308344978961
Gene208	1.70251731468542	1.78370221691475	1.79468858360371	2.05739536815159	2.32832732411356	1.72349411985687	1.40281865092855	1.84901494033724
Gene209	0.432009817288495	0.461534694766231	0.475120557603364	0.462071280011186	0.46689868717723	0.443659828321053	0.454238308175022	0.474948947809255
Gene210	1.41240743670931	1.39390525326984	1.21120136191139	1.30360838900797	1.39340776798347	0.689964451596547	1.36806500799479	1.45278046821092
Gene211	0.217593207358834	0.214955247121438	1.06383221122385	0.22669637970287	0.224933135508753	0.230607409913962	0.226094181271183	0.230285393221854
Gene212	0.282998106338336	0.278125511077634	0.299091375082325	1.97471462896861	0.293062878215876	0.30125368580895	0.284638538369002	0.280477056819784
Gene213	0.421386409180679	0.888145214563175	0.60602186500606	1.53619560762264	0.6212023206917	0.674210570517299	0.657823483943121	0.359792606001564
Gene214	0.247091350302724	1.47843298564151	0.252683254745154	0.247748919425821	0.259051754478093	2.13448238123147	1.82011596019631	0.25378006968416
Gene215	0.739425124111266	0.54109119998301	0.846283887541519	0.76087417220047	0.803552333887111	1.20763871156536	0.697505329929311	0.506434946977269
Gene216	0.746073348297563	0.727091890572907	0.74661354652213	0.768975695542091	1.81444797882812	0.779457796921023	0.757907239881485	0.702038042713931
Gene217	0.579702168963081	1.6340259059981	0.581644192554529	0.541719710823497	0.590412293413204	0.592440399353445	0.488457629113385	0.551332659472572
Gene218	0.9488970974395	0.911009024860237	0.879697770423104	0.502935540450915	0.997369886093146	1.01971631661418	0.978968045393142	0.899300940536486
Gene219	0.990461276118059	1.0613787770193	1.0810093521272	1.01553909946209	1.04742370906614	1.10744944947889	0.628231964487885	2.13678715104766
Gene220	1.42893893369148	1.18759835756158	1.56159481746119	1.50587110221316	1.57101945905579	1.56046480442243	2.10558286288719	1.20928803962737
Gene221	0.218926283102922	0.979227298784946	0.221955465884753	0.203687656721736	0.186806994910432	0.214667945446032	0.208799655764327	0.228789706354135
Gene222	0.456811798577295	0.50308229834694	0.477022595176837	0.53888703809745	0.521313156910916	2.0051353666195	0.352891824030713	0.503400875639663
Gene223	1.57257426424116	1.63655373590211	1.66496491600148	1.71484530216055	1.67013502232692	1.6607841674412	1.65473334393254	2.77972964817723
Gene224	0.799185145388362	0.788959655268485	0.8110549016733	0.819605284927553	0.859575570410408	1.86055916567787	0.804264896956461	0.835500996453716
Gene225	1.23956686754401	1.26883188152189	2.18095444487021	1.27359184922112	1.24754193721703	1.27172471396941	1.27351303957137	0.863700692021868
Gene226	0.40989510773181	0.433738269435569	0.405714884447955	0.404677929221355	0.431953610720704	0.426540064408776	0.431106927415284	0.42924363101802
Gene227	1.66227476710512	1.79679547424318	1.73575344920807	1.6852389998616	1.80845918914447	1.16323596942489	1.74462654869097	1.76655297355238
Gene228	0.466880042982417	0.473392864495142	0.494679609209235	2.07502239508525	0.516313375018838	0.491974963355134	0.440621059786874	0.483973865222972
Gene229	0.485018124609925	0.414305024317777	0.462458723084375	0.51765655923755	0.509198978990177	1.43432432167775	0.46515935002234	0.869591202210303
Gene230	0.474026392571966	1.20272926454115	0.470507296068484	0.496879612688974	0.428572946256273	0.473258312105668	0.503625926444864	0.473379940145428
Gene231	0.822516903018784	1.33939140043111	1.31723218249452	1.39198019045965	1.40854513986985	1.0713631031105	1.14572843928573	1.36678901068175
Gene232	0.468319246327666	0.471913900964321	0.48421558371597	1.18534288654968	0.48478641728058	0.481009496744508	0.478727405511853	0.481455181778237
Gene233	0.985794864894161	0.722399291965989	0.714532498962377	1.09358539913977	0.747200301875284	2.02810390759215	0.905142375219746	0.714657621526815
Gene234	0.773402715582414	1.93488392098061	0.86427992896016	1.56902265140494	0.88643846397664	0.854950527808026	0.778441065405091	0.879538355171856
Gene235	0.653290088951078	0.670152777562042	0.664742365437225	0.672461988427316	0.69037324045042	0.699980960333706	0.679304875220658	0.685033966836363
Gene236	0.438988239363162	0.43139211799939	0.460399175818284	0.419220340592227	0.685725703166065	0.43245125853488	1.05420132386675	0.455657042865923
Gene237	0.442458765860758	0.430441042288831	0.410825842173898	0.29129901355134	0.449926355958313	0.93555919462762	0.408489489891621	1.80368241479149
Gene238	0.872368182321578	0.909233303973674	0.905657689858266	0.852744458847816	1.30517662279411	0.944732266996623	0.918467500268799	0.913851178669158
Gene239	1.51872156138421	0.779752349350546	0.767217582887837	0.764359187272925	0.795923658451309	1.02868963182701	0.757227966665958	0.758788266064911
Gene240	0.615140097277158	0.589405377029926	0.622250316428768	0.628540586704067	0.638214467822098	0.616949424681069	1.99720600887171	0.996970914499298
Gene241	1.01705459168794	0.999197638257674	1.06062080432636	1.08216218096093	1.12197148431257	1.06884800267308	1.02577389763904	1.02311339638638
Gene242	1.25466077358344	1.16606021282604	1.29364247572284	0.664169750825228	1.32178501314947	1.09260655022039	1.26118502148388	1.24363710866374
Gene243	0.61730051370471	0.610145149016126	0.601659023608385	0.627193787570279	0.628776394806932	0.947470006236455	0.595665565560572	0.636202833936501
Gene244	1.06032567583462	1.9340152951579	2.03519503835013	1.95670229513305	1.91565006470334	2.10227501890473	1.52749322604098	1.98063749701467
Gene245	1.17823722811236	0.517086803872995	2.3878451847332	0.543753906095807	0.532521630757934	0.540476598436457	1.19365540483532	0.489576069497862
Gene246	0.261541910768258	0.2792328014205	1.66886257962813	0.280763083013186	0.283731531510079	0.290357512919919	0.258406813615342	0.283149613579818
Gene247	1.08516865913883	1.23283341749686	1.17528341160684	1.16624232065019	1.59608144686264	1.14785229399767	1.60929910045882	1.16810293508527
Gene248	0.627170171919137	0.650339648022706	0.653040301527222	0.671672449945606	0.664150210182079	0.661370697782582	0.648809491545889	0.646138908278434
Gene249	0.386723575102001	0.37987968667342	0.391382916353861	0.408860027462196	0.386184377786975	0.389363582625809	0.393354463195151	0.367596773079178
Gene250	0.439557422771645	0.287000914361766	0.287733713026329	0.290359406759778	0.291894887240251	0.2702208892951	0.282903669487216	0.289792685647146
Gene251	1.11449365830326	0.598867148539217	0.538546031198365	0.634556690551731	0.61121216406466	0.615524610297966	0.57264009991668	0.561793156495762
Gene252	0.414892945221032	0.434585144248647	0.437332541183917	0.421389477452319	0.451510539376483	0.441777704882983	0.604308377199975	0.42702721947038
Gene253	0.294780605000548	0.31538571359549	0.996155330606185	0.328139272289754	0.340421654545093	0.312762439132221	0.297188476151397	0.300469066009646
Gene254	1.23540897464673	1.20417998313259	1.26569890239467	1.1743961217196	1.22343439210409	1.26129869810865	1.20572746513654	0.628801079560044
Gene255	0.813841232126141	1.01257831203624	0.481560245650396	0.480461048081967	0.466058517186071	1.10451243068781	0.448382299754048	0.453409404067803
Gene256	0.917030463134594	0.328386965596064	0.356911936513397	0.729750662509247	0.349891130114135	0.330346448491467	0.312229229598562	0.329921370829769
Gene257	0.281880061661194	0.29217745805912	0.308540331418834	0.866140856476376	0.225008553191208	0.308355114026016	0.299670897982702	0.284715920216067
Gene258	0.300441307155298	0.314703226657215	0.326133515700965	0.303563267306028	0.320599279261099	0.32601965591422	0.477795878773482	0.313001761331802
Gene259	0.537152522341002	0.533383507044446	0.530670748875757	0.685363801059594	2.53195825636143	0.542570473963933	0.532201114046117	0.523615034694806
Gene260	0.473167965844941	0.483790258498303	0.502727308830813	0.502392150470153	0.498599685242639	0.516913084710749	0.520931680496221	0.48903434601928
Gene261	1.91138805507043	1.83639538786856	1.91626778685713	1.89631285311981	1.92556165989044	2.00626227360905	1.99863703974014	0.991095815964247
Gene262	0.652563483876634	0.63162492858293	0.659058357205617	0.677694048451244	0.66475331777415	0.707682416716258	0.623264323292289	0.631050585436821
Gene263	1.16823630086723	1.2936703612874	1.30553248051128	2.03642025643508	1.32723694491248	1.36792225455659	1.24394865732047	1.36937601289191
Gene264	0.344792347737872	1.83193042322746	0.365184699836183	0.339432892824399	0.358791569045688	0.358157748297054	0.337414565295584	0.322369838776602
Gene265	0.808816278261813	0.810037726192488	2.42080769594289	0.775444704432099	0.866549864808251	0.8087752524886	0.803396474063742	0.83652916572795
Gene266	0.531730754101931	0.531279035557048	1.20517358508928	0.512734271487038	0.583974113486328	0.705609641711199	0.520123728835815	0.52210608716074
Gene267	1.55309671928492	0.298071669514687	0.30157261258879	0.309929078633364	0.31533908888087	2.71589213680948	0.299251766675387	1.61033635912215
Gene268	1.07441314639223	1.15233346899436	1.29595118125968	1.18110738383865	1.16025615173707	1.15472238287991	1.0689978130038	1.22945436825265
Gene269	2.33381305786299	2.54699225028833	1.90817887317517	2.56254577409247	2.63878179130478	2.03360310905345	2.50115298473964	2.52210055688334
Gene270	0.241634739646334	0.266708221974844	0.248056392379757	0.252920750294226	0.249337768433414	0.253609007733516	0.2566943811445	0.257888085753391
Gene271	0.709079084342015	0.420328917337304	0.405796299291142	0.966220690455822	0.430381469154191	0.426722701681901	0.422342589600488	1.34863589422558
Gene272	0.261609945028859	0.272642897217234	0.28630860978882	0.276569179297866	0.219833595653038	1.2102599967101	0.290838969858276	0.269794219370719
Gene273	0.272036449883513	1.01250188347878	0.27302728045679	0.266660320400579	1.32434862558502	0.287840969123337	0.267769214960117	0.289084244804703
Gene274	0.663443164833554	0.506196842166909	0.498440399002198	1.5107493716167	0.990994639432007	0.498961017446218	0.514968086567474	0.519337821844958
Gene275	2.48356998857053	1.37403344651511	2.63233581095343	1.42261421876442	1.54269828448192	2.71259331253851	2.59853901830419	2.52308899223797
Gene276	0.397817894238974	0.394266504591696	1.08482216811468	0.404875489909648	0.431704011162597	0.427681774736722	0.406299713975178	0.404980006776687
Gene277	0.703601263517602	2.16507645823941	0.681964936115795	0.675608190689571	0.668522026840648	0.686581475659466	0.649627299188039	0.786316324930087
Gene278	1.04083205324706	1.08339045603094	1.09721357940478	1.86250407588362	1.20857306147319	1.16589237933291	0.795505883592285	1.14166271152542
Gene279	0.479070503108683	1.37303681012308	0.488033791235319	0.46879276358945	0.500296296992578	0.511042318250551	2.92758607950012	0.471006005529686
Gene280	1.28081290552133	1.31195037682777	1.35849549323695	2.39764544559407	1.33536183524181	1.2496779358886	1.22960370752944	1.30136964733412
Gene281	0.785214803722351	0.79646781753406	0.849755814439607	0.814754512372546	0.859366882900402	0.786666466543373	0.826299270212628	0.80999468675201
Gene282	1.89613368615451	1.9052954794845	1.94820569605689	1.95143075364673	2.07514045909027	1.98040456267517	1.82533037865102	1.77835358159332
Gene283	1.27907300682669	0.276798478316006	0.299976131959652	0.289658910283684	0.307345615372235	0.279953224703227	0.262894439602378	0.284886175084673
Gene284	0.246133402238943	0.243907197300215	0.253427446557613	0.242494235906564	0.260967356738609	1.74954123977949	0.230615681377559	0.249891614626573
Gene285	1.25235313477063	1.24918521047627	1.25415960140692	1.33329488256051	1.30440428635819	1.31512912047855	1.21489390239672	1.29817132711772
Gene286	0.478469014112498	0.534962094373174	1.21598692448641	0.486071322704167	0.533137849511913	0.469944996952915	0.460695068955674	0.522396776896534
Gene287	0.699384509479478	0.748624731889043	1.28073574422168	0.716787036000299	2.85432666345661	0.749379046948769	0.907901888998009	0.724380655340899
Gene288	0.441062120485685	0.432821592394093	0.465988864247676	0.448938038224516	0.461628683848665	0.457116632182746	0.453818035888934	0.464154153843875
Gene289	0.390787394916818	0.417624760796706	0.42264261676092	0.421031398114642	0.467213341521212	0.426655292740119	1.54715161379066	0.449142523356926
Gene290	0.610877729375977	0.377190995319062	0.492917874492346	0.518927644855721	0.535771036455614	0.511487765631685	0.493681314753231	1.43843223680502
Gene291	0.564328954863453	0.571313240452735	0.544097028430075	0.521884787124386	0.554754228558659	0.540123329934989	0.358567924957138	1.97113267487669
Gene292	4.22347120429458	2.38366625220438	4.21495585471825	4.30598313159711	4.69862116663608	4.22699243442931	4.11857415391876	4.24479262069227
Gene293	0.981892670793675	0.34795324274074	0.428923363454106	0.61022832810266	0.568401639643051	0.713729503905548	0.995450179061624	1.71903037374016
Gene294	1.64147201260067	0.623364217375323	0.650897744614957	0.653964057403702	0.696374927440506	0.628180698287439	0.635815821962669	1.34373426869681
Gene295	1.14290496104445	1.71823723872987	1.24984710077343	1.19566555326313	1.26287277574179	1.87684355260655	1.14340375345553	1.22377226097501
Gene296	0.589952468689435	0.581518226146898	0.594428238681788	0.60180653112255	0.617710446740227	0.613492210471722	0.618616350900795	0.606939358836872
Gene297	0.529138102884981	0.530184902216771	0.539967778570261	1.10929815654561	0.281540317304355	0.513995644926804	0.52265453930211	0.742408650395104
Gene298	0.433919589171959	0.41640541666668	0.41739787755157	0.390830622784763	0.412097018280991	0.543071139910617	0.411924732466575	0.474650891932419
Gene299	1.09688585260083	0.905334310790109	0.943219010801933	0.907641862515004	0.965449851995763	0.935403578940353	0.897606399649111	0.917472591827791
Gene300	0.437155412501192	0.424581646821151	1.66603500318208	0.439573461908792	0.463101041897704	0.414651769711596	0.421833461370208	1.70540243660706
Gene301	1.66763018422534	1.75935041116244	1.72147578398016	1.73244532353429	1.7242485802533	1.69266658831209	1.67182233465829	1.76468286557195
Gene302	0.292148151650599	0.280852689010679	0.294591760462549	0.272947873647755	0.301075286345795	0.298944921065356	2.06189694464378	0.855756446459647
Gene303	0.621950919700507	0.627111370314802	0.604233927461361	0.638506419196292	0.64386807767367	0.61413258464255	0.596705563142936	0.66451358484097
Gene304	0.516371983353381	0.511704727399013	0.546562212580546	0.53782642620992	0.523501222047004	0.544994015690561	3.10746003355025	0.986191840881989
Gene305	0.290222529806049	0.307982180670638	0.308578256256116	0.296198879583225	0.226413334408454	0.30917549187008	0.294017971639365	0.319480537197426
Gene306	0.392652268878902	0.670637556973167	0.425121489978949	0.532173292100725	0.443424792294487	0.444976756167143	0.431324578946327	0.430760081995496
Gene307	0.232237332727224	0.238183937591527	0.250354632749868	0.234923951450749	0.249329265836331	0.246544229944152	2.22640873657511	1.94566001698884
Gene308	1.72053861014388	0.579314027523746	1.1250725676244	0.651895209014272	0.576324711050788	0.295021883868256	2.50518003625401	0.552828782207044
Gene309	0.283934321345015	0.28182744298215	0.298097375941799	0.282230292805107	0.284135036743672	0.293384283651405	0.205702848211396	0.260699175160234
Gene310	0.52788284074585	0.507212269583843	0.552300999808383	0.52752268290198	0.549920626236005	0.516353292718077	0.549907186660326	0.517327548800458
Gene311	0.375410167924944	0.888636316417042	0.374335197453547	0.370942708032296	0.632440657625721	0.371678142387873	2.0772822387241	1.44166268124478
Gene312	0.675258065500427	0.667328766540774	0.710723871693395	0.707981212742029	0.72860358425221	0.677542769122784	0.639917954058559	0.707141897623264
Gene313	0.772771040544103	0.828848468020237	0.830281467838449	2.95159712072581	0.852995995740693	0.842222510972859	0.931323576792982	0.800618805188038
Gene314	0.358056216207464	0.340817436996398	0.350672993075778	0.358904529027112	0.37054881872	0.368302803624781	0.37076745232527	0.364270680878831
Gene315	1.02091578268718	1.11888365262132	0.969781747961821	1.04260977069412	1.01051180106308	1.3168018746286	0.907016249586812	2.13251256903418
Gene316	0.569863071460848	0.564974800460519	0.580725054444184	0.577992793497756	0.595938348545966	0.57607177372181	0.562368707832328	2.23571548496005
Gene317	0.441603895727339	0.98475490549642	0.491222937033084	0.459101656739453	0.482111461129298	0.705885256153766	0.460296199121943	3.23869018837713
Gene318	0.51115741845331	0.499393637752681	0.493026688732151	0.489872669003525	0.345382988104517	0.510719216980572	0.481695491201378	0.503015700653054
Gene319	0.362795766545959	0.358398200761749	0.400063332094229	0.386467622976267	1.38529143183095	0.401848975728312	0.389148403974193	0.401972607546585
Gene320	1.54569546992159	1.62802022915888	1.13607784581108	1.60334552285886	1.57647521885523	1.5918991013937	1.20915167112258	0.824880585876467
Gene321	1.49448190435648	0.274929625281396	0.301873093785897	0.805140043719958	0.1619018901179	0.29461137888308	0.28378613915538	0.289230017462406
Gene322	0.501457917277538	0.431972156678818	0.450443412050613	0.421507854320994	0.455138897464821	0.448938987338056	0.424387580144296	1.74719399382921
Gene323	0.66147810410409	2.8672387695035	0.717467689321612	0.726852173630006	0.761732358704919	0.749950057323413	1.15414643604388	0.690671028251102
Gene324	0.660130206903498	1.45116620882452	0.933920199061717	0.674094207460947	0.701397876759123	0.703208963466807	0.684651546862091	0.673239392120368
Gene325	0.699556994736342	0.649140624845027	0.693492222551625	0.695865327094383	0.681488088040087	0.714143575829887	0.657739017617227	0.6715157132106
Gene326	0.468036731214906	0.366866173252023	0.682988541964591	0.361429864165864	0.386058956767615	0.387710469895853	0.386509593544598	0.37695619038994
Gene327	0.385957466618344	0.400111532914436	0.4083272556169	0.401967670926663	0.940749276547534	0.390528869952055	1.38151756349549	0.316493374698422
Gene328	0.797235895012687	0.817901684837943	0.808010280949905	0.773036385152925	0.852753426157373	0.627103329638528	0.809995307322179	0.814080417553808
Gene329	0.399953397995028	0.407675837892327	0.44914354777755	0.40822429740559	0.420457311798639	0.786195045139457	0.398825709058793	0.405052979554446
Gene330	0.402008691546403	0.433544422667484	1.15470212413365	0.436332283142168	0.434110201623505	0.452149090241889	0.436463932071648	0.4350726627454
Gene331	0.274294708428167	0.264634381431822	0.273507227893255	0.251407302145047	0.278233239045291	0.278445280080404	1.91126372165831	0.269629293805159
Gene332	0.580560692660726	1.11496244060185	0.589566985498355	0.540989831639823	1.7651335746704	0.612198571493959	0.621138879330424	0.586124862731906
Gene333	0.277615831632313	0.266061295733011	0.268711448734353	0.277952983249982	0.277677520906562	0.271537587819871	0.265002201805025	0.271923612978223
Gene334	0.711692852361703	0.718856679541412	0.723594163658698	0.683847644135183	0.712328921547089	0.876904484332239	1.07990066998026	0.707884538211245
Gene335	6.17662797972992	6.0238359067483	6.86044469787658	6.45839041385776	7.02854306341965	6.86817186279521	6.17259259779561	6.287052022999
Gene336	0.274414344028682	0.270000232753836	2.61381995663736	0.269064179498145	0.297110729828309	0.285706111508173	0.278581018474587	0.290277013557685
Gene337	0.540739175043123	0.917974733702148	0.569023227081747	0.581676598422114	0.608735476751039	0.570322150320649	0.534947531656625	0.552468778270797
Gene338	0.324402513849985	0.322143944030926	0.341938479721435	0.335113382328387	0.331905249219633	0.346997198173855	0.330298438338785	0.344532849407268
Gene339	0.290411152421185	0.290308199837505	0.301289892576293	0.292937979494402	0.310945482044554	0.319038463721189	0.269755939381532	0.311629381904822
Gene340	1.38631413375665	1.95041249221326	1.03401848245142	1.4122416153973	1.54447348866895	0.92452838380024	1.51591378992672	1.58329334030576
Gene341	0.629519912910202	0.620348900827892	0.617566414510305	0.636862970631246	0.669983919916203	0.624475703313676	1.35089661563291	0.638664425184933
Gene342	0.409311442513828	0.409055296521281	0.418647949800296	0.434152261537918	0.441506159963387	0.415725208895219	0.415459176562512	0.429571567214343
Gene343	1.80952236784594	1.95975544727329	2.0163803403053	2.09404056553428	2.01136442844834	1.96239535370711	2.19913609992387	1.93338736055338
Gene344	0.801031201289978	0.820362623717591	0.850214645386585	0.790916864099278	0.884445288207386	1.03859914884323	0.837735566142008	0.860996364812745
Gene345	0.389073386000988	0.38768967028819	0.373224251602909	0.404914176985979	0.519691396987766	0.420328599893111	0.406854354114402	0.779723706626493
Gene346	1.16553757579618	1.25779696985408	1.25123745447603	1.20608066234435	1.2295387878712	1.20988225128301	1.27468863838156	1.21226723620132
Gene347	4.16458795616305	1.75296519871003	0.513801783107458	0.483991966083804	1.86075865235688	0.496213986877989	0.482773582248527	1.5195710928465
Gene348	0.652535473557925	0.726809838665731	0.677618838001976	0.681330783291477	0.7164768037538	0.711171431713156	0.674714164724159	0.711308245104187
Gene349	0.51374983406903	0.406056195551692	0.973579159859613	0.397940438884595	0.418850293549234	0.452088725358097	0.410835163027036	0.710739749060486
Gene350	0.194878277677546	0.212478585086426	0.213485498408791	1.27634784509579	0.360729346732142	1.38105417755443	0.527683153417411	0.210756693433618
Gene351	0.434436993505173	0.413088192531162	0.414327635416752	0.445144267247252	0.464141017617852	2.25413784866575	0.906295307636231	0.427979096259271
Gene352	1.54913740391727	1.61679871114903	1.75681582175176	1.62679679746041	1.83635586515878	1.6725836481972	1.64330548873277	0.989690399344333
Gene353	0.315471234158766	1.60003379843326	0.849228688681293	0.505815406816538	0.332452173192155	0.328965928422595	0.292193424042053	0.308094955704876
Gene354	0.22168139683272	0.227589287806278	0.240249394149086	0.24565015255864	0.252688415615935	0.228753107626673	0.235528598889638	0.234118718276537
Gene355	0.612688320536568	0.616995994454618	0.640766089147419	0.628752588325417	0.608324548713362	0.636197334018077	0.635747603973854	0.622467411638058
Gene356	0.976762851327808	1.00677973001696	1.32748335168067	0.96985180765351	0.996390287611515	0.549943484834327	0.980998998282892	1.02097017942032
Gene357	0.42644358621662	0.410175677441192	0.458056836071578	0.936673159598173	0.458441223255413	0.443475000909644	0.428027517657514	0.427923692324588
Gene358	1.00653621634764	1.10567768021162	1.01967571984991	1.92773742334776	0.997324694334959	1.0726172021326	1.0334839489246	1.04524980423193
Gene359	0.787712748187118	1.03632443649511	0.72376139893453	0.775966630946999	0.824480829448648	0.501316578204823	0.717042335491942	0.796719081383987
Gene360	1.02338109409759	1.02763668174799	1.0433248770652	0.870068759429815	1.05155850457312	0.700113460192168	0.960605714486882	1.53688164526029
Gene361	0.512702891658055	0.529922255461679	0.575079967310054	0.54430500988721	0.696594956898557	0.529187713226799	0.549176040315952	0.552961301856039
Gene362	1.40980983867423	0.351403157522993	0.356344159122858	0.341922646819264	0.366342682422954	0.326152499673816	1.73073934713451	0.354869115400343
Gene363	1.12777936184472	1.10207326437738	1.23912875348591	1.15268947066151	1.16873777122705	1.17420627666705	1.11092780884903	1.00645793748892
Gene364	0.442114035820117	0.429164170850179	0.441135563001489	0.465020930395187	0.478115607357474	0.442871341894006	0.454361943878489	0.478370276562222
Gene365	0.960295504075873	0.994483690843027	1.00947683060051	0.929639967541216	1.00365203751471	1.02011056183072	0.982744667575243	1.00267305211611
Gene366	0.267001362812488	0.178332308037896	0.286112136295636	0.258530175294163	0.264372532610311	0.279683683601537	1.19369631299962	1.51761527377798
Gene367	2.83779818991829	0.633968450404072	0.666277442169816	0.648145903066741	0.673988218749302	0.708422705583817	0.643174629887647	0.65109025890612
Gene368	0.855951257921907	0.915586890994512	0.908165740697536	0.861140644741134	0.903152986324293	0.900234852255237	0.923853219088367	0.914554890211349
Gene369	0.247581210553608	0.243151260880393	0.24608618238664	0.243614426222553	0.25177639199143	0.240654237958742	0.243289101073888	0.25704844729015
Gene370	1.16081850703628	1.14083553634299	1.08051493722619	1.05833567465507	0.934851691100838	1.10342501656087	1.10970515708555	1.14914111511768
Gene371	1.04356667320818	0.401471101160287	0.394068640137096	2.03039326598295	0.391601957526045	0.39154672460895	0.374205952457331	0.393639712622438
Gene372	0.670593323614107	0.409697238423921	0.426822034793786	0.395731008085914	0.414955140120276	0.407987282172544	0.390907541110688	0.221653484701526
Gene373	0.409868104949078	0.41859327076498	0.433239934931164	0.438489328651828	0.4309177682657	0.436304924201413	0.398041290077893	0.426308124465258
Gene374	1.68240366403524	0.206969172552707	0.212002769145049	0.20085850923044	0.223340342791952	0.208445345510427	0.199258009359318	0.206663598476066
Gene375	0.723025281255774	0.727971046131856	1.26911963472062	0.458600788523883	0.72650990295747	0.731964335423441	0.679287473700563	0.708002306747728
Gene376	0.581109962896878	0.588687240085924	0.582160807464155	1.67233402242068	0.617491833131036	0.583285997851491	0.859969638432177	0.597554175296308
Gene377	0.367564589981161	0.39569325429187	2.05128559398658	0.396815702502025	0.386124631064921	0.382577902680376	0.397328720240241	0.385479139658891
Gene378	1.90363236582756	2.00815788814949	2.85988258849427	1.97837253989085	2.09320636570251	2.16367958223825	1.95274311275219	1.719474277794
Gene379	0.660598530035976	0.674976962531333	0.356427621413024	0.662630459692128	0.692957250558344	0.68424081447647	0.641838463254446	0.672220487028844
Gene380	0.504808912243542	0.547064571839049	0.80333490161868	0.539500921657756	0.518834908561577	0.546915764014422	0.507498803068544	0.530064303513509
Gene381	0.191006319272045	0.192539405029435	0.191884168096715	0.200383741144979	0.376213002391758	0.204145837997142	0.198287819865691	0.193561261321558
Gene382	0.440911435427893	0.468761773166941	0.449669825587589	0.478098886070161	0.479312731222172	0.259195740651035	0.365583171578196	0.461401092359908
Gene383	0.461218637894155	0.475315142223334	0.488139049924837	0.453469525791893	1.37777608903177	0.473937538411773	0.776300882227999	1.22850262974761
Gene384	0.297020640043249	0.301854509850597	0.340526025075406	0.290728554520588	0.321837246000524	0.330453969482926	0.303120158297121	1.01713901325417
Gene385	0.541212596196823	0.584135521080615	0.57306540493991	0.567778741981496	0.641655825100999	1.54680506323215	1.04726271367051	0.587500340598101
Gene386	2.32693514610196	2.36331194612469	2.53424761721585	2.31834869158523	2.48933318270695	1.87529332648647	2.22020670519328	2.50665272359859
Gene387	0.404199249083228	0.408862845295085	0.430616932469544	0.421740966638773	0.428557558639029	0.406485942317019	0.388787848921137	0.393358174806497
Gene388	0.303199798665414	0.321013226444778	1.5094084257427	0.321976237060098	0.336998436054319	1.31947694764941	0.297338395364727	0.222857831787129
Gene389	0.481733136511558	0.282933872588108	1.68355490726534	0.473073921533719	0.518970879292743	0.588348222741634	0.437601562785438	0.465618452228803
Gene390	0.528804689038573	0.366731091106575	0.897630002103078	0.521383262899782	0.545635672338804	0.529754931761351	0.512099100241009	0.515457798722851
Gene391	0.588480975965385	0.696701766338957	2.21451288481706	1.25980018356871	0.745858877725605	0.948092236005646	0.705229017689264	0.69127934868604
Gene392	0.343721847907483	0.373335999457802	0.368180293593588	0.382153780053815	0.394922667149584	0.372913125832149	0.38723525261587	0.381254770447786
Gene393	0.320214581971456	0.377752040902811	0.420345688495667	0.415584356230925	0.40563413595022	0.388483279769435	0.390249514896614	0.646624483076567
Gene394	1.78702901657566	0.661323490986855	0.683178665797825	0.671454366647728	3.51218142670352	0.696667758443972	0.625151281035225	0.636220416758909
Gene395	0.48128628898602	0.914548614686365	1.19939352196184	0.486915179766658	0.506707668386131	0.536414482952033	0.500829836653221	0.525068747099606
Gene396	0.307994694593238	1.472298211532	0.312734229962659	0.638753524938793	1.07307646116495	2.14426634249003	0.289861069441431	1.50274089982017
Gene397	0.400867184164429	0.404033001353575	0.392140304169686	0.687227282951484	0.416791518250227	0.402579289046918	1.3005983987901	0.395532995772007
Gene398	0.149163156579918	0.241160331453803	1.64402190732762	0.246115769404649	0.264717987928092	1.03129523251886	0.432404514406561	0.256034479708411
Gene399	0.485388173800416	0.456014816148005	1.83376999664201	0.474776412318407	0.456937243531442	1.55312656610843	0.446387239433379	0.489513303757672
Gene400	1.66265786179208	0.358161846864713	0.358413273801645	0.344860417170227	0.37303719388075	0.659016099825261	0.329122279236509	1.72755436317493
Gene401	0.312583913441069	0.330990538961089	0.34331390422349	0.328202393088121	0.339128191556187	1.84001090357871	0.329371191203987	0.320650230722511
Gene402	0.597772612362493	0.630765161082156	0.558912964082365	0.361414268358543	2.31850040329145	0.598491269276422	0.57032989692999	0.594660508694688
Gene403	1.4167518114989	0.366402178328661	0.568087150825381	0.537473966426005	0.718347452972792	1.01751618944717	0.50015158080784	0.565172887616395
Gene404	0.300705287687362	0.313596478014768	0.298640249867355	0.29424288091103	0.29219629388308	0.318078836631278	1.70989783008803	0.320503670890149
Gene405	0.950557931797327	0.857046235548105	0.852631804762158	0.870441212015187	0.86415947141056	0.817445832643016	0.807060281109222	0.870263593563777
Gene406	0.652593164499337	0.633567377032555	0.664512305686509	0.67475490827778	0.683824490391175	0.700042941930131	0.719877277237583	0.682558278713708
Gene407	0.275238023009749	0.279669355679044	0.276267277449455	0.283637563410832	0.27898771519423	0.274059417880804	0.270395419159729	0.266414926536105
Gene408	0.428738757228805	0.449212370375952	0.441234698528484	0.43502897523686	0.468565458536638	0.471504577858419	0.434711124811541	0.429789331667133
Gene409	0.474541697229711	0.499721280051151	0.480293224561394	0.52332902238921	0.542691419502888	1.24147324573481	0.266747568405573	2.07617570317268
Gene410	0.326153063068784	0.325348984522022	0.336581556919289	0.323873725543239	0.352098292369791	1.6271984756425	0.31184856523608	0.325929432458791
Gene411	1.36448232108297	1.45892565196513	1.47344101379633	0.978287210674626	1.44424860476464	1.48703527423586	1.4216074555309	1.43496324902841
Gene412	0.636663567928511	0.67212320912431	2.68688943190879	0.643447194451725	0.686754729621238	0.654383290934326	0.636037756554216	0.639186010641582
Gene413	0.872765255791539	0.839788244662965	0.883447173651616	0.910511084386484	0.849610305138332	0.844711106098936	0.822676279004047	0.447084019993944
Gene414	0.489633747573346	0.49853612302664	0.481970783526044	0.396878287799268	0.53640232304596	0.510449049955293	0.476688384771023	0.497410778991178
Gene415	0.265996190283555	0.264184099542128	0.282760578961315	0.265065620150465	0.268952296561086	1.92308810905785	0.265246948283477	0.273133780317425
Gene416	1.51492960288686	0.435300931119392	1.00451294448695	0.441305315425429	0.460045174890137	0.445146310443705	0.449953812165241	0.461014776496836
Gene417	1.36976250071653	0.32888438378306	0.337096679326307	0.323541680530205	0.357858534312652	0.359632321880105	0.322837422648197	1.01663824431687
Gene418	1.55403682381494	1.62513843895367	2.15183042025032	1.49863779544244	1.68811801422216	1.5812977128382	1.67574245551399	1.47657594682858
Gene419	0.606002395844237	1.0439206776186	0.655162649263095	0.63650536613327	0.680995315184019	3.5327775137972	0.616327980909668	0.590592112852348
Gene420	0.264960452292695	0.424389082128804	0.439759381847555	0.323260906760782	1.44896265238483	0.424210789311135	0.799354174341906	1.6538352892961
Gene421	0.330548190651906	0.34861556197362	0.364926090298174	0.336027929313721	0.349568854931409	0.181542910555318	0.342239595933755	1.66261457952944
Gene422	0.506248726408622	1.04490755186567	0.595157497144161	0.592717236941492	0.627014844354053	0.602153599468386	1.38671003834122	0.607039848426672
Gene423	0.329987869050711	0.332499637901503	0.336035482345348	0.344746612421257	0.331986645995947	0.343490545936467	0.323726890244283	0.335328997952501
Gene424	0.253850055465011	0.354918317326735	0.357254421981736	0.340964467171023	0.368474588348279	0.344060927258214	0.335675484117418	0.361697102432387
Gene425	1.03865470210941	0.426554500568447	0.784712235369747	0.838294558174901	0.781342127809977	0.86988016655319	0.805791461597165	0.791519510114452
Gene426	0.43222939385935	0.335066367706313	0.315715620109451	0.340806265399042	0.335782070041372	0.343879288642395	2.05979333537592	0.336240506920287
Gene427	0.424075057687228	2.64084387584962	0.437637579764453	1.25766931724311	0.445010749527223	0.422810765161292	0.403325000103346	0.422650343089385
Gene428	0.411346077557002	0.437792388828531	0.455842982035639	0.426619183802116	1.76815499054353	0.448598911278353	0.431504563280849	0.448766611200692
Gene429	0.400472921298792	0.390168596456687	0.39613941855284	0.37644796220381	0.422682560639047	0.432215481654288	0.367870822616791	0.385167485980261
Gene430	0.259195091750664	0.277773716487872	0.2600366822771	0.129536543998373	0.254643525278304	0.265644387208142	0.247056581182348	0.271537045615813
Gene431	0.333976441163157	0.346827577531003	0.344994736356351	0.331651262090639	1.05819244744354	0.349532752375069	0.338478430328257	0.347586141459106
Gene432	0.216843546583727	0.21476634563321	0.219704104484934	0.22626837801552	0.535185953143553	0.231398276057182	0.968441640623827	1.30861438885111
Gene433	0.858833442988195	1.40722736349923	0.885406105020322	0.87083478693625	0.971329200471804	0.90799834848944	0.932797463850913	1.17129661018846
Gene434	0.494381506054207	0.527135050032194	0.495573996746381	0.511580778214536	0.521252223536978	0.371730391026685	0.527775996956705	0.5187666708669
Gene435	1.62477926040708	2.47969618666522	2.65254235376618	2.46461046158716	2.55129389374168	2.7223436221868	1.42267701826878	2.24110801578074
Gene436	0.582967276557498	0.607672259248513	0.58787076331536	0.617497519064237	0.677622209258854	0.610329388812011	0.361871151053944	0.604483883640011
Gene437	0.765734637899397	1.1528580444609	0.795117507447571	0.795539115963869	0.867106926637546	0.852438500273598	0.77359363136967	0.840289051779482
Gene438	0.420435924181564	0.405068269305474	0.412073499917984	0.432479499191797	0.462107687229413	0.285517835520273	0.426433534099146	1.33932425732635
Gene439	0.387227402535239	0.41475629754847	0.408019149557623	0.331371529128397	0.419518852390182	0.410057262113246	0.392439353466404	0.416371430926118
Gene440	2.07412835882203	2.36508652147621	2.60269373733028	2.28809576259388	1.81917706477518	2.5562219496777	2.45250325748369	1.86153789405588
Gene441	0.316170078091522	0.31866884047127	0.308489142962604	0.314103180353716	0.316270619503972	1.83557424787661	2.63300293070351	0.316589828192713
Gene442	0.790253863218118	0.779506488448055	0.803770205046286	0.77863159267581	0.78571926125224	0.839387679393111	0.756044698172846	0.807305768735604
Gene443	1.82693083736794	1.81971319746188	1.8004763173542	0.906210801735558	1.83249931561708	1.8972780772645	1.86889774703166	1.78909565691635
Gene444	0.395051467263498	0.398718011682798	0.398728751003738	0.400363610333897	1.52719363907812	0.560853963284656	0.38155577605194	0.381913557598424
Gene445	1.0256737107078	1.15758006779785	1.09695740319059	0.521781091497494	0.643871401283874	2.13606880654722	0.9964990890383	1.07947558693937
Gene446	0.413440582671504	0.857471705500082	1.49015319852444	0.423539028644726	0.442944311399786	0.848178616953541	0.412718639699124	0.353659238736497
Gene447	1.02418332482734	0.502726468299078	0.5229809299784	0.50704602192249	0.554875133608869	0.552488093850897	0.821732430361663	0.560841012452363
Gene448	0.320079454084584	0.325416066995416	0.339609509480983	0.333024366776173	0.342890260903899	0.34660949080629	0.708779458511697	0.421449503213329
Gene449	2.09001973255157	0.890007648917535	2.40341283032079	2.33145220390198	0.278080249139807	0.26775710882501	0.260133487857907	0.250753720411805
Gene450	0.659296084375276	0.706663565203474	0.733067973248281	1.74134673895324	1.50608304141571	0.720008101982478	0.712385747362657	1.66858498348846
Gene451	0.491124051586935	0.437075692374323	0.504148769922565	0.459927232940546	0.482622847483482	0.50785338054238	0.826111418105931	0.495093868940136
Gene452	0.853808034255559	0.843153181729893	0.851433521729016	1.05654711252357	1.949674436206	0.84560451133026	1.99668897895658	0.814129865817302
Gene453	1.65234191586578	1.67287426296361	1.65921847381954	1.62981409833556	1.75026180289724	1.49703969358429	1.55966725953609	1.67742697540802
Gene454	0.328824749633921	0.325087643078269	0.327724852409966	2.02439107113294	0.318461633956828	0.344728844732223	0.306840273537949	0.322625950210053
Gene455	2.08087519891013	0.636526179750291	0.614268180117397	0.608078409287696	0.618537020119583	0.622714390245474	0.610107269914251	0.628844909486582
Gene456	1.26604614119845	1.30507913057823	1.29271269066295	1.32853651817439	1.36318265089092	1.35858062766039	1.26700505017821	1.29610454303426
Gene457	0.727820198340512	0.353698279182376	0.365792593623742	0.586099415186735	0.382947354730428	0.372245406063565	0.351674260527976	1.00378988569236
Gene458	0.681384400292807	0.285559715763971	0.305404408057741	0.271630226372327	0.334092378498904	1.26815185679017	0.285920507550855	0.282422049159771
Gene459	1.30416896260485	0.392761523639691	0.369366146970288	0.390176474582385	0.421362514229733	0.390587478757038	0.39508844522799	2.26068271427226
Gene460	0.709507741881762	0.735503127731182	2.19778594240979	0.643514069580446	0.729856802131719	0.741187267863056	0.715501854696054	0.704058811038808
Gene461	1.23443865039984	0.928810237956058	1.08747444628578	0.827020131902977	1.14332983191027	0.999721962872143	1.05168414008019	1.20012173845227
Gene462	1.19315451972597	0.608249572134021	0.625774843922498	0.45877212947542	1.70546111255326	0.673831039620058	0.611748093610569	0.509332010050378
Gene463	0.392244576270084	0.366210919777751	1.18107842550134	0.823659931372899	0.394847690041206	0.396042488211209	0.384913589899732	0.399134141734238
Gene464	0.294126701473934	0.288347867682695	0.290181536200842	2.16744701236949	0.25040092261859	0.277390483563028	0.27030744288951	0.292603203485595
Gene465	0.533500220448198	0.517531700266709	0.577780922065428	0.517596768472685	0.558423458189103	0.550028363910688	0.527745670474003	0.522319339843242
Gene466	0.651588385160819	0.668795043181364	0.683983031446771	0.681414712547689	0.671034537817716	0.708494260315892	0.656318494366564	0.681487116775032
Gene467	0.482404032575215	0.648701608429133	0.497189972590752	0.502538184112308	0.508955126742765	0.945939127979383	0.458979441923784	0.257084589453505
Gene468	0.277124934043748	0.281612934482644	1.58485350913902	0.289897970266025	0.306216384089716	0.295736226023884	0.29191069083216	0.294072857501096
Gene469	1.11412847748059	0.295315665622309	0.299775000199512	0.279335225265595	0.311753274492574	0.309380611366419	0.296838139665915	2.23430218097675
Gene470	1.11706144358349	0.870480272784584	1.17682534557127	1.1436615974577	1.41631211763677	1.19719857283215	0.728302647912179	1.18743806242656
Gene471	0.381111193624661	0.38133395234108	0.407890934967336	0.407308767186848	0.413190374439113	0.811501152990399	0.388044007040955	0.548755636061608
Gene472	0.917827136069281	0.906718467235657	0.918138362581981	0.882355041376317	0.95526159761239	0.943368025939957	0.936714474700921	0.907612398188351
Gene473	1.62427816346059	1.58886617382078	1.62772142411701	1.78003901084946	1.7664481470345	1.70282051773765	0.974974513920811	1.7233972707239
Gene474	0.610391632647304	0.637125997979668	0.615713958742507	0.619178799228157	0.829341353171577	0.614307137155411	1.08135599499655	0.628007570298318
Gene475	1.12834878154086	1.17927116198843	1.25151413867883	1.16101238194937	0.675903064679947	1.25680887464666	1.16886688951483	0.82508090399194
Gene476	0.532945428603131	0.54833383919008	2.02730160933523	0.537513249603044	0.611299374191268	0.548292326489563	0.522043316900389	0.563937914804009
Gene477	0.419157398849604	0.527498745481635	0.555797775613251	0.784686421095	0.550680310529658	1.21435601402061	0.533226296151336	0.534580627168776
Gene478	0.79537072691909	0.41486775402674	0.809349802077112	2.01492462662813	0.847995798735496	0.806142338433229	0.883164137754657	0.844643797566217
Gene479	0.286271312112291	0.299663788489483	0.301667925772576	2.07932545212086	0.317105302828315	1.01160707647067	0.295794685514943	0.301254598622215
Gene480	1.2042354765174	1.43005779288194	0.85312742251262	1.11974589327584	1.32287681606463	1.3181787603182	0.741780177780698	1.28983336472221
Gene481	0.422337690355645	0.433049144725859	0.421111216716532	0.439098951905974	0.438720526568499	0.456451916437847	0.417999304448738	0.440450493090991
Gene482	0.473973129147999	0.508240575281041	1.93474667357675	0.499197579203924	0.513844950469701	0.507858909712055	0.497490072703728	0.476781820083112
Gene483	0.278540238320668	0.300777707214754	0.290176208951402	0.284216363536274	0.4114713837782	0.212677289695071	1.92748574718799	0.289489050339872
Gene484	0.368873043046907	0.394384324946408	0.386846996120223	0.401034499096203	0.418403568895058	0.408008419528334	0.52097589973035	0.377751546604517
Gene485	0.757311331877076	0.732196337703016	0.75727660547613	0.74753925963431	0.779233990071972	0.760335608667406	0.730739303483401	0.721465487327794
Gene486	0.291260278000186	0.289566269071153	0.299300052192648	1.18454923152336	1.62647394635227	2.35200013597862	0.294103270389695	0.31816027679518
Gene487	0.423798659066908	0.428874154175654	1.31210813534157	0.452061804280772	0.459426145163442	0.428443893837921	1.52794415513782	0.444247602264505
Gene488	1.79631116987195	0.449481553727638	0.456065846082251	0.457590471050478	0.811104149806731	0.466673725871179	0.444948190836321	0.435342370373611
Gene489	1.18563594204172	0.809309941886378	0.862104999444393	0.868226769603209	0.928170504904999	0.878897408908231	0.822529210995803	0.830967351337972
Gene490	0.511046752575811	0.76862504961502	1.01448207311565	0.800750187982851	0.793989202086056	0.808209639706155	1.23228093246348	0.789895346336275
Gene491	0.441429253992665	0.472388397662447	0.484947932245176	0.473280805989268	0.483435539340104	0.490454083258371	0.467204178114634	0.452804582788485
Gene492	0.358492722159845	0.359119324217863	0.345648567116835	0.355803533795738	0.374853332013	0.371906338046337	0.377099094852836	0.669771860018499
Gene493	0.432255563250298	0.418387138194811	0.435826051665041	1.66099487524256	0.422849305351243	0.459511841116614	0.448416827765719	0.448418316958452
Gene494	0.256498337617838	0.24922576279741	0.266585300070777	2.87502575204753	0.285038254932059	0.271540633756839	1.29402788077105	0.411875923583891
Gene495	0.887334171190935	0.32013401552865	0.332405448103756	0.314675030489381	0.325893314920124	0.325469231452815	1.94079781426567	0.332881778132489
Gene496	0.522027804908567	0.517829609076384	0.51369100281472	2.15077220869548	2.3217393512922	0.526283003636901	0.505114098091438	0.496050562764645
Gene497	0.541763267706074	0.546631624138775	0.568529999096497	0.583880181406845	0.567579506219612	0.5712807798454	0.970449800013458	0.579111576915563
Gene498	4.21237134675787	4.31848195263234	3.74058945684948	3.14027949798186	4.56696750647406	4.36824064727485	4.50572038310209	4.55684854517309
Gene499	0.408924782555048	0.395937962852288	0.392780190244256	0.398263571188667	1.70890302362804	1.28408310607089	0.388656852382667	0.418523349153357
Gene500	1.35620261169112	1.35465627659152	1.408031429646	1.50493273795229	1.43795272249761	1.43349892958256	1.39423281971347	1.37721764656686
