Gene symbol	type1	type2	type3	type4	type5	type6	type7	type8
Gene1	0.795336769356069	3.35103447185299	0.775514943190406	0.777956878091711	1.73687583689847	0.74187175996694	0.812934384989315	0.747775857287785
Gene2	0.219071836968851	0.209990887218462	0.237782801977585	0.226530033446992	0.229030355279081	0.220442850163373	0.227417851376232	0.229236356810665
Gene3	0.394106007859495	0.397220051218418	2.25329217324462	0.37868432776175	0.217675934467012	1.55668365764958	0.390990585798195	1.41949097853366
Gene4	0.226957752841418	0.211326825561682	1.82120299655525	0.215768568639295	2.02986423661934	0.224228397859784	0.199652237893208	0.221060660906172
Gene5	0.14292017230233	1.90057203515315	1.90270847379217	1.30612442887716	0.145600836554144	0.896874306337881	0.142648987781266	0.140442650300617
Gene6	1.51302738086367	1.50506324083245	1.52520057662788	1.39645120362601	1.54166120938071	1.49863504286344	1.48686964852699	2.58479464789801
Gene7	1.29850119165684	0.233985350253419	0.232629245379347	0.229540829375761	0.221355377676226	0.224098377001918	0.241440012905687	0.229627006648054
Gene8	0.228096896860283	0.23050276745177	0.245779180067499	0.223584969902323	0.236126311131247	0.233581632367894	1.91851315288425	0.224018820011218
Gene9	0.265356804355989	0.258269134686691	0.779141957482516	0.279745289559881	0.271291450025566	0.26764695278814	1.51418648682604	0.259537689707911
Gene10	1.53016841374745	0.33503765994268	1.56686312774446	0.347496241742364	0.346137848355831	1.17945657342399	2.45268233050357	0.325991951154324
Gene11	0.36859450300891	0.166258978116235	0.169416150883875	0.163422070958777	0.169196250628091	0.162596094156546	0.158413041526167	0.170710955086675
Gene12	0.165391189353791	1.01821389708489	0.170991872292059	0.165169509761135	0.164150291390811	0.157625035625641	1.0832639303231	0.16721417350719
Gene13	1.39999931194151	1.42885134473867	0.985082385395813	1.45033810151896	2.98758826971245	1.43779477875019	1.48644414317136	1.45989030195571
Gene14	1.59068766722674	1.68249782443775	1.62892317875843	1.67944956540802	1.09062277964352	1.07824610838289	1.69091367869062	2.05653127762444
Gene15	0.687112591959673	0.692911826390796	0.67227137184853	0.344354630804179	0.671523165450611	0.671988225183677	0.702918682693179	0.691076052557166
Gene16	2.13922672949959	0.435194299109633	1.63049861215702	0.429331852343562	0.439994267978315	0.411924862048094	0.442512597847334	2.86608096960289
Gene17	0.23392024004003	0.605279532229178	1.00738618866869	0.225504433919808	0.236978121484891	0.232275330307913	0.235203122645184	0.230034238096764
Gene18	0.171881874286836	0.171311270830532	0.174297724784246	0.172613191173639	0.175830869937282	0.16648606757198	0.169475743751239	2.50720430004053
Gene19	0.27903176366061	0.286517971567539	0.284876687435502	0.278618935315272	0.290702219780547	0.275796485071395	0.268089103899459	0.25951382837306
Gene20	0.959132274595404	1.25731212426137	0.960334822893208	0.963902987689867	1.00851933115682	2.10702345981709	1.02614862808229	0.956072516117045
Gene21	0.460622302571352	0.339412798126802	0.321751468123156	0.350496004414519	0.33618107247489	0.336793982278726	0.338915686025569	1.07360750173836
Gene22	0.191950939980254	0.128781094512066	0.191803582977028	0.192444857475324	0.19442229951941	0.19089217510375	0.20009543357485	1.93425788541237
Gene23	0.37436807313925	2.3191534974714	0.380257489856604	0.383108548338066	2.05520195562637	0.366496930960711	1.19367428625342	0.378602760323848
Gene24	0.149196981329195	0.836003612271691	0.154984829565378	1.98808552963737	0.157614875246983	0.153825856453488	0.149120982895912	4.01240099524394
Gene25	1.41015704730448	1.42621285623908	2.34825538427562	1.43909425757668	1.38660895692912	1.41744953662549	2.57726886701635	1.36150777253751
Gene26	0.0997008844232189	0.101305973135793	0.105123644383857	0.116794991551577	0.369623710444129	0.71762588883245	0.103454068465512	0.407712322191546
Gene27	1.16260468293262	0.249077005047251	0.258593843008929	0.253441567745522	0.256010386657134	1.8521141180593	0.273525314397154	0.254697522117088
Gene28	0.341410660616452	0.368140687675536	0.353980155632334	0.383174491155969	0.366492087009686	0.766068872783047	0.359936041087477	0.362143730971453
Gene29	0.797870544942155	0.818469788112074	0.781337839226181	0.807002280699915	0.812821444269792	0.479238604767054	0.812790423052853	0.811102129224012
Gene30	0.193102953435676	0.203011546233352	0.214518261487386	0.201064819692088	0.203974994612379	0.202547984906828	2.04769341940553	0.208541237221486
Gene31	0.475421485651078	0.471707517798781	0.487501857449823	1.79408176858728	0.474670960894705	0.466256249033658	0.293380246054713	0.48384803728779
Gene32	2.82104676642249	0.18128238796122	2.1506024288213	0.181633382911398	0.183643193233838	0.17872059903478	0.18945201290324	0.191939278188792
Gene33	0.354103804130836	0.319263769351506	0.318307097528325	0.332768924532082	2.48271448180123	0.348988117697345	0.333647921573759	0.335427938277732
Gene34	0.77582730646508	1.97370259491347	0.909043426732126	0.798452494941717	0.807445523269645	0.817951621930775	0.804627234447761	1.49387656220482
Gene35	2.02385184645842	0.305914973478338	0.328675363635876	0.308401406700754	3.94541207565394	0.316892102574034	0.307931720827089	0.303606122111058
Gene36	0.423565857115826	0.426571845427796	0.419210039439209	0.396746469409679	0.420081095665383	0.423926643882214	0.406861254930841	0.420914513907578
Gene37	2.5095226655315	0.380156294806572	0.367023959976795	3.03658443379725	0.367187163224667	1.21890334489916	0.33432376726508	0.369987360296117
Gene38	2.55523393293218	0.736047928841094	0.715311083042769	0.734394766907991	0.720859424941159	0.715135115316358	0.741961599233394	0.730859809860185
Gene39	0.363664756715749	0.338343719604505	0.336931400965339	0.361417268652519	0.485782050734591	0.798404375558392	0.367604827574693	0.514418698705792
Gene40	0.21957123686434	0.224401575628186	0.224290931361941	0.220434438047597	0.220697482221265	1.60210748526856	0.217896905516722	0.228395702285443
Gene41	0.517093814275692	0.521106453744829	1.47795841693237	1.27409056867191	1.73250060117008	0.509977815609729	0.53177252595647	1.40070301973412
Gene42	0.265043157167736	0.25691364401397	0.251149965196317	0.979848945376245	0.242780200640752	0.25276236935793	0.261022854056235	0.255002311115729
Gene43	0.569593091739424	0.546229351457464	0.552594518067222	0.574853892606402	4.16130954526385	0.557190424476872	0.544357597707956	0.729304092439979
Gene44	1.16604131742908	0.133242503887456	0.135258899724521	0.128270896148068	0.552407053001405	0.136670290189588	0.130288355953129	0.135302613606604
Gene45	0.267786401117055	0.266116056968885	0.58677880751688	2.05634110078461	1.36032731004022	0.248137526968855	0.25888239230355	0.269934408732576
Gene46	0.213555291411538	0.208748425611107	0.212446173115346	0.214836433565277	0.914723431475451	1.27831166236445	0.222200008667427	0.223626086594885
Gene47	0.201392320820903	2.1064775526228	0.207484754722918	0.570280630971538	0.217018624139248	0.201930849866419	0.201178985740362	0.208679644294275
Gene48	0.246806394749724	0.244143566887625	0.252953366862787	0.251099469768525	0.234004479044389	0.243413638136947	0.253880885069819	3.60791210867783
Gene49	0.517643142502115	0.512375964911496	1.39985249145348	0.514160684592532	0.509493862641424	0.511915511259514	0.50834475669318	1.49803910176568
Gene50	0.520600235697632	0.515153919992722	0.501130064416678	0.502264385883446	0.523058357565823	0.501497943893981	2.20705445609849	0.355952419615755
Gene51	0.190010999537786	0.189988041538865	0.19313726404738	0.18230303894279	0.189779378444752	0.185445965613928	1.71139391497548	0.195185280093958
Gene52	1.33187042325359	0.994751472567234	0.677392786694698	0.864876917633474	0.401283589829601	0.212211295510761	0.377347328762893	0.40987217742879
Gene53	1.33931813911035	0.333389101204093	0.340148841908176	0.334738700704531	0.345247741358638	0.356065792175996	0.326670972011327	0.348070650380964
Gene54	0.432929743012828	0.426478585946308	0.436779045003938	0.437178065819528	0.429754697207842	1.94149166439507	0.436882902674629	0.440572852739747
Gene55	0.967989635879449	0.884743076761505	0.875469687634644	0.906083094523028	0.887962234423272	0.900797440359449	0.835130311084325	0.849035317364205
Gene56	0.34600903474101	1.43823739548953	1.19934630918698	0.353088245589911	0.366395761355787	0.344994417658438	0.345496443484751	0.351201714006826
Gene57	0.456941925969348	0.422404980623802	0.442045681507942	0.453741879671616	2.19047670544535	0.427338612730286	0.467991550032555	0.426375021041644
Gene58	0.957644522625069	0.946449099944775	0.982158059850836	2.54874739562268	0.955226227369549	0.982643444413882	0.962211420263256	1.94316218248464
Gene59	0.142248386324627	0.138573209823234	0.150066686632003	2.53134689129469	1.13969105343762	0.141836684911463	0.141038909140454	1.36652255883464
Gene60	0.418411486864998	0.411161974670406	0.400564724489148	0.408194524327885	0.39125548691327	2.37208890094427	0.419888729049659	0.409643806563922
Gene61	0.206248460888877	0.209551321145535	0.208004220839527	3.1973467623976	0.215185668614826	1.98289434873413	0.266420535442966	0.214102224251621
Gene62	0.266891043681463	0.273589446848078	1.35633321901722	0.255494243501056	0.260379347023096	0.263019694446409	0.255945655312573	1.39078336565459
Gene63	0.212022624564932	0.205021674816737	0.20684432755508	1.5909079530014	0.210000686558728	2.49492349441944	0.216884620697529	0.207354251270581
Gene64	2.37456535970208	0.19541502036964	1.08549598098443	0.192326594988188	0.187933309548626	0.187802460067747	0.175519942469273	0.194413609012549
Gene65	1.93034619073201	1.85651226312589	1.89512605318697	1.77747220426235	1.89837494658006	1.91332800475781	1.9760128957153	1.90143218612339
Gene66	0.455392482089491	1.01046795604396	1.40527339220631	0.490043757388861	0.46837160945615	0.453329388509331	0.489644393295821	0.481132660608959
Gene67	0.261612840401037	0.261469346799119	0.26451381851452	0.264834309591747	0.262377961942339	0.255852275521245	0.343153132174067	0.258830481643427
Gene68	0.377115834105586	0.371639769298112	1.02928897054591	0.358065855212683	0.355822521895841	0.37214127857942	0.380035959961805	1.88569034056764
Gene69	0.330473629033027	0.34563093721429	0.33891405898178	0.35593620347683	0.325982998799465	0.346654155190468	0.33844219167791	0.345723585591605
Gene70	1.20959531352743	2.30444025324292	0.791422060795203	0.967637660465959	0.824781083294041	0.828778868609445	1.51412085381976	0.813459378955481
Gene71	0.242858760875987	0.16093202872924	0.166805599014341	1.11437347399109	0.167491352104412	0.162932049851406	0.161199496567645	0.161563337610815
Gene72	0.501668616939027	0.497722126973377	0.503132756373128	2.27141405837744	0.515392917742373	0.509123048175601	1.28163985264358	1.65954783597747
Gene73	0.529293385648967	0.525851320905051	0.5049909135042	0.545626779191227	2.19241625395599	2.05236935776459	0.515632300709209	3.41032129183811
Gene74	2.90326063420744	2.03814061743361	2.81220285882977	2.49957197593469	1.60523652158522	2.97602274704318	2.89259902028329	2.79557620186344
Gene75	0.389308005759959	0.3627217257144	0.945598139835839	0.387945650151552	0.369377333592352	2.1042608936253	0.378774432828375	0.376021460601418
Gene76	0.523214648010514	0.546205862681438	0.535613255322567	2.41078064523434	0.519367195601248	2.27552266500985	0.536467477418015	0.522282943057213
Gene77	0.317036712690328	0.292791559943022	0.309878089281107	0.947801912013501	0.300815597965003	0.611241039719022	0.456560746200994	0.728174643838617
Gene78	0.225459552765136	0.231507990254159	0.223774639047059	0.22054673254858	0.231039972937794	0.223606189604086	0.218932950065875	0.23064382923334
Gene79	0.953660133946399	0.915547816847933	0.925916551113446	0.897733896226388	0.982625061449118	0.914662505616294	1.43015598676467	0.930193106310884
Gene80	0.481554248937411	0.173207672032626	0.169286222557626	0.166085166979202	0.174161344291413	0.174869664697926	0.180331080429099	0.169564842710587
Gene81	0.259482809866081	0.258047363911288	0.247177253285549	0.25775889964766	1.29869759226587	0.26553496795127	0.26467388708249	0.268113331025468
Gene82	0.557906256692246	0.557998196698478	0.546364794485885	0.480596784202684	0.572564745864317	0.562369074996231	0.555618368986101	0.525953444483807
Gene83	1.95724187768602	1.69929331889669	0.339901473806375	0.684830222103828	0.331458415712003	0.461073710509543	0.329531011130497	0.339051441951086
Gene84	0.913067514318176	0.917943210400689	2.6580811678449	0.889206893848245	1.04737973655556	0.866489599469571	0.931013500085604	1.03930261722634
Gene85	1.79772574542618	0.861672870035641	0.804609905789582	0.896758173822173	1.72821526902879	0.839896735847508	0.876431434153971	0.850120975662154
Gene86	0.598214570664783	0.227006395925729	1.29773214761685	1.49814247023898	2.83041098615882	0.222255554814936	0.228049768840518	0.228447838002067
Gene87	0.327026382760698	0.314990620052817	1.20003242084917	1.17006183376235	0.324733066721172	0.327516732948048	0.316344206132265	0.326272071963079
Gene88	0.25002484186744	0.246962292915907	0.253667965245086	0.824042217807304	0.242450255832804	0.243073516503041	1.53587626783742	0.250109894057083
Gene89	1.94358733745106	0.180390280172826	0.188522981982624	0.19021916846819	0.18500934268485	0.176371824757906	0.190042761073003	0.18175182568293
Gene90	0.868516197571826	0.847152603805581	0.891341675169443	0.667734061578347	0.875408084957712	0.833200986348861	3.38106580086764	2.42322563378838
Gene91	0.16849875044194	0.836507905619202	0.168880480655324	0.177507709956876	0.18019562059085	0.686463454318998	0.176307646191616	0.174712987603567
Gene92	0.433080775553381	0.43103460778972	0.416374091593603	0.426949579014519	0.446389125491276	0.451314103338444	1.31111872417672	0.467453587055992
Gene93	0.262983432750135	1.60112251660306	0.261686510518546	0.268689224126266	0.265385120848867	0.267945174614218	0.284102756116093	0.264522720192078
Gene94	0.346145866221604	1.73616624713259	0.349109103475186	0.360768328641694	0.971142714811982	0.36156161040508	0.354729619552341	0.352071855603518
Gene95	0.179660166935415	0.172291263035802	0.174260980378541	0.177905479711787	0.169193721038652	1.7693309219007	0.178274048056128	0.174862129301497
Gene96	0.413987687485975	0.434874418894506	0.398434884741935	0.378808315446245	0.402812030697462	0.402125230117352	2.4554855601826	0.395192048814409
Gene97	0.282834061635655	0.290863416882803	0.732849153323715	0.272962392112741	2.53221572446744	0.291300492922722	0.285732490064458	0.283331607330145
Gene98	1.21976339013651	0.170094671045023	0.172250984923189	0.693891569893356	0.172734362895314	0.175874312338001	0.172897577316495	0.16677230069545
Gene99	0.924040577398436	0.966286104032503	0.940637380889124	0.95695652431678	0.952251395035008	1.36766962567457	2.12070909505493	0.917052557801478
Gene100	0.344297366463929	2.43943712338636	1.55993565425727	0.366316308963358	0.346720888695006	0.338555145837482	2.88857608948911	0.341629061355249
Gene101	0.315491810582639	0.309149529408023	1.39159811178059	0.309511316038943	0.298464726231996	0.298835057485615	1.19564263723338	0.142141539919124
Gene102	0.333255704912063	0.340826053828859	0.323244220588428	0.340063049550225	0.333441857108614	1.16820309686919	0.329502725125653	0.348326557538934
Gene103	0.276055132785826	0.967471590359943	1.83945635448832	0.279538980683016	0.29049432140868	2.83292640623328	0.294587697600576	0.613625675608977
Gene104	1.26900325632265	0.19131183262889	0.192138995877556	1.23150174551706	0.49167342928223	3.14127320669205	0.203926063003898	0.197755409705172
Gene105	0.282646340414231	0.299964162865178	0.27823717222584	0.289159420534427	0.297843024671178	0.288989240782765	0.285245866558868	0.280025573919564
Gene106	0.139084487374435	2.56150492546521	0.145744103309543	0.138872036593352	0.142851665750802	0.138415871809798	0.14245678677397	0.140278028993988
Gene107	0.276102776126511	1.08320022964108	0.293164013381314	0.286717401517913	0.297653411564852	0.279311833100962	0.291116171765396	0.295367016303838
Gene108	0.314753355046509	0.312415761444439	0.312068339862912	0.308953791448721	0.81643182237172	0.308299303330699	0.31064015786858	1.48240387292109
Gene109	0.39008511881779	0.394509575698409	0.386479832220924	0.395356430439113	0.399787504338055	0.398354934345049	0.401724083980014	0.388633048716044
Gene110	0.336269442772562	0.337757619261908	0.342531393202543	0.341514762035993	0.343428678893672	0.500377701825552	0.3387183514095	0.350883570905702
Gene111	4.24030580361027	6.20274696238613	6.38302734280056	6.02119912630657	6.11662213361846	6.23580213542787	3.95857622231559	6.20460828930494
Gene112	0.242178724055765	0.241526479693537	0.236669064533021	0.239220542305817	1.78955244534668	0.24607178759331	0.254145012585448	0.248206021658996
Gene113	0.184310550438941	0.183627393759323	0.191438139109308	0.1842116929578	0.191358756574798	0.176743637624136	0.191629311279853	0.193529183038391
Gene114	0.431356834405471	0.421159583022326	0.414644339159198	0.334427209977473	0.432465415425221	0.411864593663302	1.91733278396809	0.420073754181425
Gene115	2.05793922229371	0.320058497389902	0.328055341826786	0.315257719166003	0.322393551523663	0.303520063753621	0.737445931736411	1.54333809032003
Gene116	0.28077731594616	0.284901982129703	0.294018847994121	0.273356254954147	0.295809086917186	0.270385735485259	0.295286739471587	0.296867997915036
Gene117	0.224616391160662	0.243593158716746	0.232425540057449	1.13450081946719	0.562160006824005	0.238321086600719	0.230580183367646	0.240462938777017
Gene118	0.250301638151013	0.246815370761449	0.252877188208224	0.245742565203971	0.249176985089324	0.25388877800475	0.251627280475415	0.24888972592699
Gene119	0.956032411330431	0.267269845855961	0.266087718779158	0.253178267238856	0.201168502362179	0.270188210894457	0.271175740063669	0.262023519913054
Gene120	0.392000681273694	0.390145339466957	0.390709867851882	0.389671127042358	0.381236115367033	0.372250407905985	0.376709516521353	0.40538980167776
Gene121	0.565764365323379	0.375172206002053	0.559240229456532	0.401404245902385	0.571551395001389	0.573315420507139	2.05011246942772	0.569209023903368
Gene122	0.676430443812904	0.6419943964397	0.690668312151875	1.80328624806973	0.674774675739421	0.630113339467088	0.660233199365962	0.680079097928896
Gene123	0.177241268080642	0.16692147423073	0.177210995921076	1.17907416961239	0.175700523838507	0.167350685642956	0.165867089863545	0.178412463787988
Gene124	0.339277457955314	0.198058718786722	1.46315421020136	0.336131201290365	0.334699204585181	0.340597495345165	1.44480595490226	0.331782006045282
Gene125	0.314400364137418	0.316114758037654	0.307189033988021	0.301109018294925	0.325437375116101	0.29758613194365	2.3513163055663	0.308526066106537
Gene126	1.3235701220928	0.18354109597793	0.187357600958063	0.183890157308601	0.181312088137921	0.179549309908139	0.187804666274532	0.190008802988381
Gene127	0.281158139023131	0.29871678439412	0.30175774088282	0.302170924843496	0.290633953520659	0.287712262548976	0.298024731922327	2.51552575267956
Gene128	0.168658822516576	0.172314955776926	0.161285180515353	0.172381292286924	0.158834128168989	0.161115981242517	0.179591105636212	0.166509741623363
Gene129	0.267191716903826	0.271417137798036	1.47506616923575	0.841982220981412	0.268001140994085	0.260309737941823	0.271801214889738	0.273858731854667
Gene130	0.245769394193877	0.246420076258009	1.00490315922076	0.249014186185788	0.259063335225462	1.90272289877723	0.236216003239478	1.89726847509379
Gene131	0.305773926363243	0.299017908963584	0.299796075597122	0.279167775445079	0.293757372429783	0.309603022715917	1.32864011391273	0.304376135178576
Gene132	0.090604511710717	0.934074846528855	0.447765759559601	0.139438137553841	0.132279820118209	0.146652588555994	0.139134161243243	2.37793209261143
Gene133	0.261582818495885	0.268900886064447	0.246498407434476	1.14658570274586	1.69647092053341	0.263282615093344	0.25453988083078	0.702118594066589
Gene134	0.686477943612844	0.717386400411503	0.7644906508256	0.706100362017761	0.900087297777168	0.716890026950387	0.715940156308924	0.731734299169983
Gene135	1.39157760760292	1.63687565495183	1.34006023346284	1.36899801728189	1.30254361493808	1.31381285011641	1.34770775841958	1.40152250716202
Gene136	0.534284577974014	0.519904507825757	0.55590275318229	0.550918053251695	0.529260304526083	0.56396631710357	0.561205749341451	0.559301950706162
Gene137	1.4438873056484	2.02614668020802	2.00973328063435	2.10158283560267	2.05061241739362	1.97902867334221	2.01892075469072	2.06947580789229
Gene138	0.170893522191399	0.177202866599113	0.182688236709075	0.175532618512918	1.83547805271181	0.388586413312223	0.18259810825217	0.18078697411084
Gene139	0.306348365756124	0.306270132090163	0.28417608009196	0.77797374950242	0.289767094256995	0.663862898022272	0.375385572533419	0.284269798881881
Gene140	0.285830012913335	0.288222942880754	0.28601057116648	0.28423891557593	0.288399709832612	1.13906603423615	0.284055569187823	0.295992739481027
Gene141	0.308466761687875	0.961251782639494	0.3087854367985	0.301873700236622	1.48123151962733	0.305419450360608	0.996710016427401	1.60594643825296
Gene142	0.224108656897235	0.215087611610653	2.58745396722326	0.213592977433184	0.213733580987958	0.216126049932927	0.203247681368282	0.149919414765337
Gene143	0.164156516946065	0.165489198413434	0.156348895026083	0.166576483538796	0.169262241262159	0.0907598462323182	2.31096799794319	2.4007531807623
Gene144	0.652806344982999	0.389311957178581	0.388583675091177	0.393295617205226	0.413311850091343	0.396799405697544	0.88263097050076	0.402413686074334
Gene145	0.810787472617556	0.30807032834678	1.082739851928	0.306325825652366	0.311800592977862	0.317265797665815	0.309272521816338	0.316946026557595
Gene146	0.613244350534224	0.62490911807325	0.660529514007231	0.632397477701467	0.61609544264631	0.627631983896985	0.659462116925916	0.639201821320214
Gene147	1.10738846729202	1.01115943149507	1.10802428287727	1.08238391255102	1.07673791060942	1.11394352392208	1.10130778473116	1.076222588087
Gene148	0.71550457195855	2.12536944599788	0.680509512426577	0.716296004491081	0.716259996118297	0.732035135865894	0.70396557888083	1.4767342346997
Gene149	0.239333796806839	0.944773933143648	0.63485180807581	2.11457619722323	0.257889655319088	1.37610366054718	0.248326920231623	0.244914034099949
Gene150	0.891680326372683	1.6966190871358	1.06458602469406	0.908505749945526	0.87739225248017	0.902431180512091	0.881018753621363	0.86169348772504
Gene151	0.403698498052558	0.391879922995017	2.37188697415237	0.408205322118724	0.421567152292637	0.432669842200483	1.93684758060152	1.51897614196087
Gene152	0.504094959445477	0.496143227381265	0.285397159299074	0.483902326439531	0.485279496150543	0.51271037136549	0.492925581376996	0.861426457306089
Gene153	0.26125086280546	0.600786900255551	0.274397721371496	0.227798844152716	0.272290495001521	1.44499096361149	0.276629598807581	0.73345321683104
Gene154	0.761756475790555	0.18057311749762	0.176669328856176	0.18070498982364	0.176491096845495	1.56995037468413	0.179521932202198	0.180739234875459
Gene155	0.551650343114815	0.603734709929526	0.549485169482589	1.03147288621403	0.53668287639334	0.537765492668922	0.542359691886922	0.566687418080161
Gene156	0.468139549706199	0.57397316381488	0.482820819286877	1.07170342781322	0.499025866685235	0.499360324905598	0.477915343669751	0.480102267738155
Gene157	2.01948431193878	2.52702366654893	1.70623405453499	0.175961204816183	0.171629751840294	0.169071423824602	0.324809125244466	0.172443318163347
Gene158	0.599394743724977	0.606064927097808	0.633629622695801	0.63368510955188	0.648506618904458	0.599385237979173	0.625827751772962	1.86949414026068
Gene159	0.133571616476602	0.138874146519901	0.139144337852334	0.134240818599674	2.29818213103578	0.291128767921755	0.482098618538048	1.57517840510799
Gene160	0.214802251680814	0.681851646564649	0.21207348244679	0.833213014407624	0.214672061821203	0.218225538392953	0.222642267918871	1.61854391047838
Gene161	0.236759645583674	0.644822563317189	1.1173101371083	2.84572136000446	0.229871444657149	0.245302725536738	0.229368701300258	0.231920579023395
Gene162	2.4382633537208	0.471311081175445	0.455325665600637	0.483968309518885	0.483357398211238	0.474570216561561	0.447134587563791	0.448813005455393
Gene163	0.516703787303329	0.503046636511337	0.485448786671511	0.493193449004179	0.507899339350063	0.49590699557616	0.478910929562748	0.496947831504325
Gene164	0.713111409304878	0.176606096997015	0.189312554795779	0.222320146551672	0.179896860043646	0.172544597234218	0.182182190344873	0.18441341537008
Gene165	1.95137422593351	0.20485164175004	0.385111718581518	0.387147426590648	0.380050989188123	0.387590882104825	0.954284825841222	0.372304233113398
Gene166	0.220912801527762	0.22619694046114	0.216868176770718	0.218067871380185	0.539883789916297	0.220320299065309	0.214558275927622	0.21636752566237
Gene167	1.74370871174105	2.95369347775758	0.527303582405558	2.04484841035414	0.352241810053883	0.524625473923662	0.501542249317266	0.534715948120358
Gene168	0.18719014999605	1.75574213591816	1.46904646024671	0.192793718884876	0.184788761123529	0.185382572074253	0.189960575147198	0.200771656741958
Gene169	2.55197995343383	0.325862188875557	2.36096922666529	0.315911385303229	0.307126851161354	0.328990574193724	1.26490321285982	0.331635634726379
Gene170	0.414610439119901	0.187492740195357	0.1933360598302	0.191079688284487	0.180730419894961	0.192724435871609	0.187040913298346	0.183397478140228
Gene171	0.210083002860148	0.214148185479763	0.208047804528092	0.211560357127735	0.211331748739109	0.133912937096597	0.222970032971895	0.919433122371358
Gene172	0.434665406666088	0.860188964742518	0.436092706167094	0.417970903177118	0.437300935570905	0.449219922970003	0.430069007702172	0.417210850863102
Gene173	0.534556788285411	0.57507440906938	0.545848008496837	0.524765840422909	0.534033799353659	0.274428167365194	0.529108400515641	0.569018249898234
Gene174	0.435413170069279	0.841102272290914	0.880309123000994	0.842287134307673	0.983566280716861	0.800131825302223	0.809819432515985	0.829832841509855
Gene175	0.319236303200586	0.325719542909791	0.319398528388155	0.333308352763008	0.340168477495287	0.334698053300556	0.326610671378905	0.322794842127711
Gene176	0.476185533637024	0.486435651147358	0.91205723474099	0.481801038761641	0.480052536627343	0.48904987644918	0.470310423698611	0.498124534933853
Gene177	0.214195816704013	0.554850577751351	1.62523293661695	0.211821322531965	0.218473087308189	0.21590813472055	0.21212810925678	0.210735606583445
Gene178	0.393511262657425	0.400198563238849	0.402493802478019	2.33923336716223	0.397084448721966	0.397540695711136	0.392536452376788	0.390164878055845
Gene179	0.527782048087382	0.369344532423878	1.23606662818634	1.57188440291555	0.375983652775996	0.352550144879656	0.345345757747521	0.367670685698344
Gene180	3.85915352060259	1.69397816872506	0.225090519058593	0.229507409979793	0.231420774111939	0.149500713897042	0.235923657733726	0.227186546675526
Gene181	0.702345673552497	0.98320998989242	0.689094232778628	0.6707506578702	0.687237252194239	3.41304500741632	0.680277218196706	0.684082969815635
Gene182	0.238147729674208	0.907216130650173	0.233699693007282	0.240931158483763	0.228005158279625	0.236628962289646	1.2853707934138	0.222791056037483
Gene183	0.274363996526101	0.273544968937191	0.280324927963347	0.265664476449306	0.571234269219049	0.270625918400481	0.271984541164219	0.276305771861299
Gene184	0.202551901689586	0.18959732864693	0.193154967792712	0.191464137116077	0.201509977211388	0.195804726977735	0.63590725879165	0.189417295076795
Gene185	0.311405321067633	0.304248880613966	0.304897903351414	0.296889280380129	0.297857323058362	0.289600256994879	0.301948436819774	0.310910574594272
Gene186	0.226757590976056	0.259902956273637	1.76309520945395	2.39774928282392	0.243603002541439	1.56097058853816	0.25192240237483	0.242082687833222
Gene187	0.190369883490025	0.186458953319922	1.44306140933214	0.198854129362838	0.196813310320208	0.18323675980168	0.19109302208811	0.183248922159303
Gene188	0.131873571576821	0.131506327007644	0.129015125153029	0.132543582647115	1.69589775275275	0.125941725310948	0.136653723766996	0.806671505335729
Gene189	0.31712623294988	0.313796162988613	0.307846223427195	0.309863882464979	0.307974187034839	0.315583321195754	1.55143854184304	0.314978357734627
Gene190	0.60337203671841	0.596988194933185	1.88011767473943	0.588397773581988	0.571383249124922	0.600467571009715	0.595031742622801	1.28715234552828
Gene191	0.143875332664993	0.137089089902301	0.139666119923306	0.142121690402322	0.142491936291857	1.14626233354421	0.146803419284009	0.136499395629409
Gene192	0.204655091866629	1.9558285256171	1.66937536237758	0.198305057043268	0.191609167068285	0.18708572152917	0.944635765387955	0.202822969573453
Gene193	0.238495784252071	0.224299271847353	0.232124397833255	0.235975958567495	0.244750223991424	0.237595580484859	0.24785480835811	2.18846545630076
Gene194	0.70448406476187	0.661563798684146	0.665199248574821	0.664819805214975	0.646474824391726	0.671081525754845	0.408613119985831	0.6538496844453
Gene195	0.228603633116177	0.86675404789336	0.87847351681909	0.227463656391096	0.222209846077083	0.235223706604475	0.226742333458078	0.468099619792871
Gene196	0.367484426057618	0.346915089371983	0.359325230158691	0.361809350384093	3.86330040630098	0.369291136103396	0.399073637211438	1.85286169371294
Gene197	0.786098137219151	0.480474522815783	0.462194697397003	0.47654536024946	0.461553859864812	0.457569473331653	0.477210222579244	0.845838869284457
Gene198	0.174279374441107	0.161749232876027	0.159285150568257	0.1600785121608	0.153415995029248	2.87343743628292	0.160242828031072	0.152132587499721
Gene199	0.227527357265744	0.224565092520287	0.225549780656126	0.232452201148811	0.21797021242487	0.227332543517187	0.218497314036932	0.235676294199849
Gene200	0.179470879226918	0.179925995119438	0.180050071014611	0.184889920933262	0.186364210302181	0.181258833251987	0.180335030014929	2.0728415470099
Gene201	0.18786265704233	0.199414758340582	0.19533833833209	0.198488146079725	0.190873803029507	0.190590257094883	0.208799416655596	0.195560450401536
Gene202	1.43125341245371	1.48170318911829	1.50157379655008	1.51083812455927	1.45481048935378	1.36573568151008	1.44922157402305	1.48014483230977
Gene203	3.40380027164293	3.31625321351475	2.90885153237447	3.31252800413818	2.1435272173756	3.46472722411738	3.39682953598347	3.14693267877109
Gene204	0.149358638778313	0.186747748280783	0.182427370773169	0.198218887243573	0.184957555567238	0.319243593604363	0.195511326799432	1.35655180088175
Gene205	0.238758302574253	0.242375043360622	0.243423839708528	0.235868521314884	0.245345361811277	0.229572264353346	0.235020953217514	0.244895573690476
Gene206	1.409743110277	1.43496185165228	1.32892782756411	1.3987162466664	1.38229539592478	1.42628409175768	1.4078355288525	1.42379175240207
Gene207	1.24617979631237	0.818927904735187	0.828999848501855	0.817720334551518	1.16307430880141	1.93084321994138	0.782800328968128	0.806438384548358
Gene208	0.975388775605564	0.999518401909589	0.989571512946843	2.44154172594657	2.52440884416441	0.944257191850241	1.31475876191086	1.00626191837749
Gene209	0.253981867190446	0.256403488795613	0.262629145845666	0.257345831802641	0.254133102221877	0.247375504945499	0.260847015709913	0.259923888386668
Gene210	0.798305387218642	0.77167527712984	1.12168627791789	0.716784926464094	0.758181562498211	0.422614894704811	0.788402113403741	0.817903301637136
Gene211	0.121966090769238	0.120994747725777	1.308660300564	0.125600692484134	0.12020877264018	0.126455789757873	0.125795538393614	0.125903857633582
Gene212	0.159016286469635	0.155522666138103	0.163339234010827	2.49299737801529	0.159647992897133	0.16231428321314	0.162460801434776	0.155664879399676
Gene213	0.324843422654925	1.01235852108584	0.335629172424379	1.91755974655965	0.332411137123831	0.367513528049445	0.373165066029773	0.270146122123778
Gene214	0.138830289614691	1.8433620945811	0.13887879823618	0.140372356132654	0.138811178695581	2.6068093596912	2.32903154859833	0.139117480231139
Gene215	0.428093314857048	0.415942811984229	0.459457525344293	0.436318858942571	0.432565430428395	1.4080727401467	0.633840824546404	0.346241579470412
Gene216	0.416664785579769	0.406247463478993	0.417295546906763	0.424917856017763	2.15671495242004	0.420473712803507	0.431424038487943	0.394482843451915
Gene217	0.327175118809138	2.05081020433818	0.320961653917289	0.302374310001557	0.312380204623089	0.323312625783171	0.442948405337687	0.307706498333489
Gene218	0.538942625655075	0.52548048358819	0.826852278639755	0.281643356746223	0.540507186581651	0.557554540188558	0.549047079209387	0.499534061625852
Gene219	0.557323014536833	0.591640247315446	0.594194489269891	0.570842048464834	0.567364932535993	0.595971516439102	0.408441338276955	2.69587083876017
Gene220	0.820090821621392	1.03584512946961	0.846935670302251	0.843292560586387	0.837522187715256	0.854230755563037	2.45390581565838	1.12707687760353
Gene221	0.123158297118708	1.23204793458792	0.122626393673035	0.117057331800291	0.155597135571429	0.119035205925076	0.11984145726079	0.127453138314807
Gene222	0.261297667398355	0.280078502613965	0.267494253368392	0.576463023106973	0.282219606744918	2.43163161698371	0.294965880980473	0.272767945059029
Gene223	0.902698461524276	0.919278970064377	0.923128792448063	0.951488704268498	0.888801696307244	0.913761860800348	0.93219276070806	3.21600086808995
Gene224	0.457892478472976	0.450832343813552	0.448833309244184	0.464252355235426	0.469706725173972	2.26225987204702	0.457390462215544	0.451603203300774
Gene225	0.697449674835004	0.70871351479871	2.5477795778541	0.714712132976948	0.664530694406585	0.712192369012121	0.723714834675202	0.646983419982381
Gene226	0.230828162267346	0.443973258950792	0.22266554695971	0.225748475559227	0.235156308504287	0.234108607264279	0.238072942044608	0.232794026058226
Gene227	1.74463365991064	0.99252761100753	0.964021301833977	0.950303620851091	0.966282768840827	0.878875926173518	0.986892658557254	0.980774735446179
Gene228	0.261231309894949	0.261883276532445	0.273129863417239	2.60963335787287	0.278511765930094	0.263608636399853	0.248583846754826	0.274731385405479
Gene229	0.274157526350203	0.379108537042896	0.2599032154443	0.563263166695848	0.273482547209618	1.7731582919544	0.262356353376016	1.06724379696872
Gene230	0.262702484821106	1.51875225600574	0.258688140961702	0.276972167386114	0.361965248818954	0.261501638524891	0.544646498205791	0.260083787385112
Gene231	0.652498434290951	0.759407789436381	0.733051997543192	0.765626663133146	0.764078517422395	0.897383720421177	1.05297749778151	0.756558164866615
Gene232	0.266497916289657	0.263124190983098	0.258778116368062	1.47728536298221	0.265711882004098	0.267012040448936	0.270377992887583	0.266541948470312
Gene233	1.14742388387239	0.408770940213486	0.390325889477987	1.29840690973068	0.399177943001104	2.44683941753107	1.00299496702236	0.394776811803798
Gene234	0.444049246327672	2.41644002013597	0.479178151454102	1.88963987071897	0.463768184405212	0.467650688824277	0.447158258629413	0.487231866865628
Gene235	0.371849938525347	0.377197538396955	0.36578709126532	0.38345816332954	0.660427038874136	0.375842294427937	0.387543993281592	0.379462837093745
Gene236	0.247925627829815	0.242507600778579	0.253693440588088	0.2313926723742	0.762734912012124	0.235840702358046	1.35440890502208	0.247695631032855
Gene237	0.251353904990858	0.237172801070415	0.223629446052622	0.207246457839007	0.241462214085856	1.14700942879375	0.231571290356747	2.22638062462024
Gene238	0.492022841035312	0.505853900011042	0.507578226234389	0.484486974869928	1.49350714395173	0.51404525726034	0.502310884623611	0.510763564736399
Gene239	1.86880020221687	0.435882270732117	0.424546289020778	0.420633982911509	0.431296282793852	1.1204772014746	0.423826388915962	0.437667730727279
Gene240	0.681288195467028	0.336839774466168	0.33739941458476	0.353553688515953	0.351337781977619	0.329319240780965	2.51604543340466	1.18312310707454
Gene241	0.588621715074538	0.571909417401743	0.581084203523362	0.602772506461711	0.595640741695449	0.577344614709373	0.583721795151318	0.576367253179537
Gene242	0.71885769434625	0.662237953542379	0.700642917843449	0.39260712328158	0.703015555903893	0.915954279840026	0.719778352972387	0.691295089331661
Gene243	0.356297472508981	0.346271097819327	0.338137168511196	0.344244103771441	0.338750793629731	1.11790483096315	0.349325009646563	0.350854760606731
Gene244	0.615882476862968	1.07497952972863	1.09586776817112	1.10834418657945	1.8538188481669	1.13112769672048	1.3554798849044	1.10414443145696
Gene245	1.51334083684294	0.293019767308783	2.95552866688444	0.302381889368527	0.286136387847315	0.290283773898086	1.51124546217489	0.271758811969351
Gene246	0.152038107879313	0.153420752566929	2.05609235160878	0.15713878087214	0.154414306346829	0.15491876938763	0.146009465090947	0.155545086577748
Gene247	0.633055253914082	1.28635333424662	0.64185341045888	0.671922585302672	1.81322830231433	0.612012251224731	1.96735317606104	0.647004792960283
Gene248	0.354649707448806	0.369175938505824	0.364975425339838	0.367772682550871	0.355200498511241	0.36079412602342	0.370938751545128	0.360698032794692
Gene249	0.217250957977082	0.216475992337245	0.216227969988485	0.229604836245454	0.210711114770595	0.212788603538169	0.224181410436469	0.205352511428594
Gene250	0.544025788278324	0.15891160130073	0.158925715271404	0.162104653270582	0.157247091851211	0.149114307935257	0.161713036861812	0.159236993559632
Gene251	1.36836018921743	0.337504028075122	0.510526278899186	0.348313083776776	0.328713985167373	0.34068804239715	0.331320021831884	0.320220499838969
Gene252	0.239543160801746	0.244014256336542	0.239957923342429	0.23596330777746	0.2425366617479	0.239495973840841	0.713530575060628	0.239994083330333
Gene253	0.17108627558125	0.177051202972232	1.22362985730268	0.181605616588981	0.180458370609249	0.170135971900487	0.169805641137794	0.169012726431361
Gene254	0.716239995373501	0.686121720061379	0.692638467019523	0.657784210534479	0.65977007336114	0.693489808366107	0.686129014717675	0.340300988216084
Gene255	1.01912915106409	1.25411632284009	0.266082399454349	0.265712476185258	0.251425622421355	1.35018578999477	0.259053189041787	0.252527951560026
Gene256	1.17698884120428	0.184726868171593	0.191453562277273	0.920696525937296	0.188064044007631	0.17942597086068	0.174446791773272	0.183380595967467
Gene257	0.161384925813043	0.163279388080628	0.168652234728996	1.09103383052946	0.178006445120471	0.168872227812584	0.311921913813522	0.158177856937865
Gene258	0.172600403205815	0.179548402324662	0.176465368661941	0.172643162788082	0.172479320948886	0.180609319790125	0.573965436704966	0.174225735781373
Gene259	0.30232575128863	0.299114760858788	0.292784711776636	0.787573000814021	3.03617081008094	0.291264382004279	0.300262343405676	0.28481080109563
Gene260	0.272683929393919	0.269681421593588	0.268421611007629	0.284362541729519	0.266285857043838	0.283936687907101	0.295471009778114	0.276211107440312
Gene261	1.10062051659178	1.05779357149275	1.04561232230491	1.063288561567	1.02198050731075	1.0735540684797	1.12451920656663	0.600860123797834
Gene262	0.366616753784713	0.356163645975946	0.358658586478089	0.378262063688687	0.353501983000531	0.745472005931678	0.361218045143285	0.3494235832068
Gene263	0.681437172956715	0.730679651051667	0.705963096452183	2.43601523803186	0.712496367064878	0.744066642096843	0.716671557438824	0.748354880696648
Gene264	0.195465546259946	2.29448905511921	0.199804859877397	0.188146871727566	0.193695455531202	0.19308834171209	0.190742657621761	0.175430266633403
Gene265	0.468370106993241	0.466958355212755	3.01083550451884	0.433487928969389	0.465156193894529	0.44375235671408	0.460849465429593	0.465985941289294
Gene266	0.304105467937014	0.298826138250649	1.45881043179392	0.290191927150474	0.307654292625046	0.74704010080204	0.538516759056291	0.285034719539034
Gene267	1.96397457724566	0.168344544946372	0.16410561249223	0.175178361855958	0.166199600927626	3.331317339288	0.168007567373959	2.00225900530682
Gene268	0.624913077714979	0.633734684117147	1.41522941690687	0.659599694572062	0.627818607222336	0.620725739552404	0.61845098894339	1.28267117431104
Gene269	1.34003290716985	1.41005197959583	1.64361338159346	1.4126190407521	1.3976791392347	1.7364651186494	1.41427473184746	1.41591912188751
Gene270	0.138530397316857	0.150913101043199	0.137445629342462	0.141814040575293	0.136471589081423	0.14085888392348	0.140596646076164	0.142967463058404
Gene271	0.838950029775031	0.234038868005209	0.221255184094218	1.18416014077955	0.228704940848876	0.235871400370363	0.239776482011048	1.66619223709522
Gene272	0.150940455474422	0.151552289432856	0.157426023478971	0.155772288534579	0.190359721396575	1.45801311487601	0.159431165905208	0.151393969986638
Gene273	0.158161721458322	1.26545695279249	0.149978180449121	0.150608867000199	1.57753500240117	0.158202489555394	0.151047659635194	0.158869148312291
Gene274	0.790620797607733	0.283319930752532	0.272872967779765	1.87819912568435	1.17841740887442	0.273978290660829	0.282731090832589	0.279870812092881
Gene275	1.40623912480826	0.939337832361422	1.41576431512087	0.911248451874827	0.942414953089427	1.46137530722849	1.42660298625746	1.38943418082887
Gene276	0.227100668572199	0.219260108062854	1.31717135838222	0.2282049423479	0.22881885672638	0.231551595801594	0.228948250341739	0.224858849051108
Gene277	0.39922934011577	2.75471181241631	0.374285366921399	0.381557207840697	0.36333202199961	0.379066133053735	0.364905358808673	0.863175133999365
Gene278	0.599038004211271	0.612259329862847	0.614359037026449	2.2955231482266	0.640839629290078	0.632640436161964	0.644794067111151	0.634921155621943
Gene279	0.272456801648697	1.72692294590212	0.267624878392266	0.262877117410919	0.270190766456529	0.272331208952632	3.70730891120244	0.259704733770564
Gene280	0.721716287149734	0.737777564321151	0.739355218097272	2.91743581455519	0.718231075051882	0.696025094274856	0.708894181812862	0.731723149655982
Gene281	0.440449691068642	0.444460879780738	0.461461561562554	0.455864813135765	0.459478821041614	0.435865727281381	0.466614871315047	0.451166250067804
Gene282	1.08064014090868	1.06269409974261	1.10436443836929	1.09432637925524	1.10410673906272	1.06799525764621	1.05606004166356	1.8417350300472
Gene283	1.63890641808204	0.156438534683322	0.161660602015599	0.158017959787873	0.161594533464309	0.153369014209471	0.154493793818232	0.155233566764203
Gene284	0.138193896780315	0.137602739345933	0.139940831386415	0.133854099614978	0.138783310085378	2.15296567694484	0.131159189970586	0.139044146138229
Gene285	0.708805285037299	0.693688760415774	0.695050868326198	0.724912294238529	0.712543032717483	0.713034648994145	0.697064192849371	0.715053495900156
Gene286	0.271146185249704	0.548816968732434	1.4931964013927	0.27438785939008	0.283317553017936	0.258163137590054	0.26178215980057	0.284346432535313
Gene287	0.399587213214098	0.414714418773014	1.47380606391001	0.400672328335303	3.41766222701638	0.412180655412653	1.02805573405623	0.409020978913186
Gene288	0.254664697909362	0.243070533987659	0.256064713043396	0.250623122395341	0.251373953450645	0.249957859027205	0.253885983564736	0.258896420197255
Gene289	0.225053513207915	0.235231811206401	0.23234977922084	0.237894388524028	0.448476352616215	0.23180159145891	1.97436053306352	0.243493288068985
Gene290	0.707398355898414	0.351351390196463	0.271770911778586	0.291497798745428	0.285816695714301	0.277930267586534	0.283228735327851	1.80172140335995
Gene291	0.31801604922878	0.319307430006265	0.303391081737628	0.291406406854296	0.296900066679272	0.297062931618594	0.290976867198112	2.39654736710761
Gene292	2.43763084320954	1.56471590657921	2.42442593034133	2.41837588694484	2.51017650397575	2.33535707387747	2.33294423394093	2.31738456555593
Gene293	1.27510495902205	0.223537893760081	0.339265575947641	0.340696448678898	0.502755260125023	0.719949015145327	1.18914683284859	2.12179666851381
Gene294	2.1064805434564	0.346666094967735	0.358995655204585	0.373590812659976	0.364744358647894	0.347536388027489	0.356215450089935	1.65255923756585
Gene295	0.660019501414142	1.96582554496754	0.700779229699933	0.681976141235427	0.668389692481787	2.18728969432858	0.649953382788037	0.674846321682479
Gene296	0.337753217504852	0.32581689286198	0.32350762113265	0.333809251213695	0.329339787203006	0.334674096485706	0.34721855313243	0.336311419202887
Gene297	0.304183967173923	0.295463687211606	0.299997617245586	1.39031572381272	0.158479112687268	0.281360145403535	0.292188232263019	0.856843420808923
Gene298	0.243876482226486	0.228647466548478	0.229111898225792	0.218917063852643	0.223222912199829	0.603215161217238	0.23780797760817	0.506628545676856
Gene299	1.24751140791255	0.514131340717513	0.51423668639358	0.507373146400565	0.524020184000443	0.515331779154436	0.504720379006501	0.523245637089264
Gene300	0.247208783738295	0.238051651260117	2.03805443919842	0.24424913306353	0.246540432754242	0.234284173378825	0.237120825118709	2.09031936535181
Gene301	0.958160064382374	0.975462590359082	0.927163181189156	0.974620363450023	0.916930326496526	0.925018265613504	0.943543730460266	0.976101985345218
Gene302	0.167134900158739	0.155974086493972	0.161067809881991	0.152153815226011	0.159789239728269	0.162827436900964	2.59174159785493	1.06377662700547
Gene303	0.365094091936706	0.34887562653869	0.334332317547012	0.356517401393904	0.347220816114372	0.335004723879413	0.343612452857023	0.366144571587235
Gene304	0.290931783618899	0.286765553806481	0.299039536294918	0.30436632201668	0.285176502932545	0.300078697582042	3.96779515035793	1.19053841749114
Gene305	0.164668379271175	0.170449768500109	0.169625451206688	0.167354163680411	0.178435551168472	0.169232039452313	0.168386102613745	0.175866553954206
Gene306	0.224847137644142	0.801823922100207	0.233767903585923	0.592041581855877	0.238050781181684	0.238790069861587	0.243693007677745	0.237405220104204
Gene307	0.13352463855575	0.134305516307279	0.138240614835887	0.132648402161916	0.132699415726294	0.133265453255177	2.80820037536912	2.40023777263235
Gene308	2.18235760452378	0.319485309983754	1.36642572175384	0.770412396752045	0.304903191351795	0.180942939759904	3.18915521577829	0.309030354526125
Gene309	0.161358852253726	0.156450910029174	0.16004334165827	0.15992196732973	0.152631627012259	0.159657825532569	0.198437547671292	0.14728211617091
Gene310	0.295268199666731	0.276936629071196	0.30416352340641	0.295848613841852	0.297065908450346	0.283282060039238	0.306633507740948	0.290028655213393
Gene311	0.211858788951411	1.10036846244571	0.204923737214106	0.214050060379667	0.745845246970359	0.203542713548478	2.65932429974524	1.80174342241476
Gene312	0.380860083393019	0.373878328691642	0.401283336586321	0.402019192349935	0.386768710543887	0.374050641193201	0.381238263519548	0.398072456391302
Gene313	0.448287985791957	0.451084462268729	0.448992316121834	3.66464875390479	0.458786582921644	0.457532287275851	1.05812982100924	0.45167992711277
Gene314	0.20324842181119	0.191187278743743	0.198497052795143	0.201125499021817	0.201280934643462	0.198762307152333	0.207108803599416	0.203677170934427
Gene315	0.576903879077936	1.18846556206719	0.537351605573493	0.582150855336836	0.545719136618133	1.35738924036017	0.864439805360473	2.58109014270164
Gene316	0.320229385584039	0.317746680005435	0.323695642440943	0.323720697272879	0.320405378052961	0.318140474533264	0.317969847378543	2.8161195279593
Gene317	0.251765209950278	1.18755717788547	0.270620103824183	0.261446197037559	0.255467497393417	0.833759487468771	0.261929073984677	3.97336075728878
Gene318	0.284149918268966	0.27646378419637	0.267478033660748	0.270137604064727	0.246747039485488	0.279513506279364	0.27303716056421	0.2818189605522
Gene319	0.205187067839392	0.201022806586398	0.216862668340818	0.218154873541995	1.64685123401242	0.219981131144119	0.21566033216223	0.219633131997295
Gene320	0.874714251730049	1.75829687332335	0.844923222931635	0.900909659240912	0.845826431338399	0.874733043773805	1.0523265524855	0.476510422188823
Gene321	1.90165643766177	0.155013702673896	0.164356326813619	0.99835108292037	0.0977454959753837	0.162108042839001	0.161412323613236	0.163723394907708
Gene322	0.563720409375134	0.244576715964767	0.2492427592874	0.236063364236095	0.2401886590671	0.244701936296717	0.241736718426174	2.13004690997539
Gene323	0.37896794137373	3.62008336793189	0.394781489666689	0.409930110634407	0.395049506389003	0.403955141665067	1.36915573782398	0.382035735293242
Gene324	0.371179129040405	1.82495679712467	1.08639574152041	0.369494149600749	0.368798065067192	0.383326148265585	0.38724714019391	0.376093914949069
Gene325	0.393873673348476	0.369661268911633	0.374324888856865	0.388762631926028	0.361083870707537	0.389571933836152	0.374135472753418	0.381791236623889
Gene326	0.543385738355686	0.206550940399612	0.815198565878164	0.205336848149724	0.208163993578023	0.211146859164979	0.216469410406109	0.212343079173431
Gene327	0.218009117730242	0.225258328508047	0.221920307633889	0.225078163080017	1.10411154133012	0.216954977980074	1.76830579564339	0.296523356626215
Gene328	0.450737831698454	0.452426442066411	0.445208532537995	0.436465054529883	0.446378997011799	0.509393094040204	0.452859674685727	0.445336080240647
Gene329	0.226222434707626	0.224855828616431	0.479091681416771	0.228220949617207	0.222186288720599	0.946482633835169	0.228330219951217	0.224941307532833
Gene330	0.234131572697097	0.248158118197681	1.3952717961921	0.247121506013654	0.229871475383925	0.245989586065316	0.2419832539883	0.235489259085065
Gene331	0.15620262402265	0.150825046239369	0.151400931382173	0.143976190712426	0.150332794872649	0.151719929727748	2.43008607590223	0.148516703177984
Gene332	0.33249744980272	1.38079555219852	0.321019114061697	0.305546754419098	2.05939963003041	0.331686817592301	0.349208389898438	0.330067908953893
Gene333	0.156988799910279	0.150529526118084	0.146501556278735	0.155739784493263	0.153620384954394	0.149419408789618	0.151645731259009	0.150530552383552
Gene334	0.400343261618473	0.400007707749477	0.392688096096828	0.376602560462483	0.37891488038714	0.958032436109906	1.31587526545829	0.397528209872588
Gene335	3.53808363278643	3.44588284626246	3.70595031387541	3.62511810323264	3.77932000810371	3.70957594248095	3.5413174919917	3.53151263175934
Gene336	0.155704036450789	0.149512638698087	3.21435910853215	0.150344851951414	0.159721753189926	0.156038763203938	0.160477068301488	0.161534547545905
Gene337	0.301290219766727	1.06590223331527	0.306685406403536	0.314457293302664	0.319814767721326	0.304318431984212	0.305673060350502	0.306334805468516
Gene338	0.184440454251794	0.179447839872706	0.187958832318246	0.186203027079779	0.178676981616474	0.19157189263498	0.187550461261965	0.191187508307553
Gene339	0.166847786835265	0.161416900073251	0.163670356164067	0.168175020959026	0.167627117289127	0.172763537174895	0.159265141533263	0.17030805858861
Gene340	0.790850134542996	2.22315138435742	0.80298704218236	0.790403588939054	0.819291922374244	0.55642272996223	0.849829710955834	0.886973217727665
Gene341	0.35367259558478	0.34954636858321	0.338749212237064	0.354759189122706	0.365185735898195	0.344215440891799	1.66812715079393	0.348920690995248
Gene342	0.234122816770894	0.229886375825731	0.230532323250153	0.241110123074029	0.237408175317684	0.227924011459178	0.238271309836364	0.233011288248697
Gene343	1.86170134548871	1.08755853413959	1.11682502240209	1.12776401767793	2.04973329411479	1.08573074314398	2.50198318293213	1.08608939542639
Gene344	0.449068573479228	0.46097151347467	0.472756089723327	0.445636553101527	0.476454899916453	1.18707354304986	0.483101982821776	0.46489892070574
Gene345	0.215818383897613	0.21323377325712	0.210295203880612	0.226938867146359	0.574590856761391	0.223588118856894	0.228015808374688	0.954831708807906
Gene346	0.680088199432295	0.692004528293653	0.694283316243223	0.687350610009215	0.654971603954508	0.651008018120982	0.727959183170858	0.682772394652464
Gene347	5.31469487311435	2.19620329631495	0.282768363413168	0.275825050415264	2.26438925198712	0.271158000011192	0.273436568762882	1.90429019731542
Gene348	0.379860183998071	0.411978877575682	0.37658038576157	0.381992667916595	0.3895539431049	0.386979452662484	0.38615110973138	0.392661935814994
Gene349	0.607440526565416	0.225893966368221	1.21384858028013	0.222873325538661	0.22219691705726	0.241902592110883	0.226815670928223	0.851518071309184
Gene350	0.112884493404861	0.1201848873458	0.12027430122493	1.59733561337122	0.420171511748484	1.68252875970959	0.671643438229604	0.116268354056661
Gene351	0.242720403663684	0.229996544759039	0.227470076617908	0.242960601475608	0.47094774731529	2.75895871818148	1.13672897243967	0.234720432425127
Gene352	0.883059720359854	0.913723380703214	0.946562963800169	0.916696256816329	0.969356779910838	0.903219106472147	0.909747089273477	0.704288255798813
Gene353	0.18088179514542	1.99543484955799	1.04903074679212	0.630900636374139	0.177969161721176	0.180573999239831	0.161658613433787	0.16865832098317
Gene354	0.127769946001839	0.12927063866551	0.132702588982595	0.133948283550449	0.135028888551057	0.126179361351041	0.13567971526075	0.129400096243539
Gene355	0.34335417592101	0.349821251265806	0.355659783712601	0.35181980583763	0.331730218974465	0.346771684018092	0.35046600723552	0.347392958515637
Gene356	0.548647707952228	0.554757242849943	1.55775548113764	0.547854497258261	0.52860958508022	0.363859034510472	0.562666830381452	0.56505820964072
Gene357	0.250292774896453	0.23566124219689	0.245850253046712	1.1618220217969	0.243374896434259	0.239392079167158	0.24549910196413	0.235202401764414
Gene358	0.562740504547558	1.20946157315606	0.574886222413497	2.37021242465606	0.540834794831087	0.584714268314866	0.588321278506017	0.573673142928424
Gene359	0.459916775001671	1.18237412973953	0.697742288501974	0.43014777977375	0.438712999006742	0.34025512939099	0.412947236296461	0.441723284931623
Gene360	0.588906515090979	0.580068526512468	0.578390171676559	0.820375994871563	0.570529766315629	0.568902876894723	0.559971758028294	1.72877024451811
Gene361	0.292801033553069	0.296824896205376	0.316616162701099	0.297413063697816	0.755640855834203	0.287279469595479	0.300911999955753	0.301807080167009
Gene362	1.77963071639645	0.19443758747501	0.192464861100231	0.189041597146037	0.197053583279014	0.327827476807064	2.18667370523293	0.192685512054199
Gene363	0.642443102740149	0.609692063509829	1.32351147457127	0.634441112779778	0.619941011935482	0.637120807872326	0.62352315165517	0.977357217239694
Gene364	0.250835559435887	0.244218173442401	0.24564607284162	0.256465257665936	0.253842665359316	0.247322836821014	0.261666589292072	0.256928416485281
Gene365	0.545979668085319	0.555287554882843	0.563897195462872	0.523762383874129	0.533854449828453	0.565264012503565	0.537226289948471	0.54659231776292
Gene366	0.149416343709467	0.139333264780848	0.152212591545011	0.146362591390158	0.142031675393076	0.148818483189976	1.54885485331034	1.88092637916613
Gene367	3.61088462540442	0.362804786002145	0.369729215552167	0.356948193839488	0.35570006428359	0.385848994453666	0.365120254840282	0.367570095862679
Gene368	0.480758080469479	0.499737670658181	0.484651345291037	0.484450334597749	0.485193393031623	0.481993940161683	0.505062338992648	0.502812787465219
Gene369	0.140220451549065	0.13789097445069	0.13839060971305	0.136341616798199	0.134966455048926	0.129463154350267	0.141202304313125	0.144150025424063
Gene370	1.28657376279055	0.642155975306742	0.625423847368808	0.598056928363286	0.859386279800563	0.611861906967421	0.635175219750692	0.638805440473058
Gene371	1.34109064979201	0.220478665797554	0.217800921420439	2.54828502253411	0.208482966205948	0.21628981985649	0.216473891855455	0.215441116106201
Gene372	0.827405267609442	0.227803171100742	0.230075340066551	0.222986107108537	0.220609434155217	0.223765854378947	0.224013618989883	0.128972712901643
Gene373	0.237769153252367	0.235830488712242	0.236974068369469	0.242529370496815	0.229232181714194	0.240632452673112	0.233612782389189	0.236808809108489
Gene374	2.13836464503501	0.118242431973028	0.114335253261287	0.11223756137681	0.119283649475721	0.113197872690578	0.114622494779172	0.115015730258241
Gene375	0.419188994081925	0.403861831971818	1.55143643072258	0.331206136021723	0.383177484494013	0.391443512159763	0.380803655752737	0.390422901207602
Gene376	0.327847606824509	0.334802304686461	0.320139292401088	2.07024820474295	0.328219854084236	0.317497909488648	1.02442807149188	0.329287615781931
Gene377	0.212082689617085	0.2196706126939	2.50851330245528	0.222048366073872	0.206779225753874	0.21189639931804	0.224003892936022	0.213819859819662
Gene378	1.10453017586084	1.12540474970191	3.20368944077167	1.10473791128236	1.12163517150079	1.15799270162887	1.12604416794807	1.66784037422983
Gene379	0.366332383216864	0.377683477996086	0.227255004149803	0.368537823991046	0.368044511550313	0.37065264893745	0.366434133343018	0.368213732222489
Gene380	0.289262613400379	0.302467024358842	0.893814847466259	0.301234985201666	0.282531108905983	0.299747955563075	0.290242392957507	0.295341834440912
Gene381	0.10751378348799	0.107313965211524	0.106704727731247	0.109488882203605	0.43657111422914	0.110641667894437	0.113529055837649	0.108428579203778
Gene382	0.254116689820023	0.262560003513352	0.251320290523204	0.267828943421213	0.255518214578522	0.16754654746018	0.300560471536479	0.25435220494826
Gene383	0.264725873715958	0.26632108258233	0.264266934419711	0.249417960715126	1.663332718686	0.256224060851848	0.917805525466037	1.51018706852199
Gene384	0.173012996060335	0.171094909091406	0.365874082428341	0.280478242673993	0.169676394084199	0.179696465556777	0.170977970660007	1.26191530598171
Gene385	0.305374741968162	0.322575767339872	0.315714708180062	0.310304644172305	0.340380935798759	1.90035211618087	1.34216491615617	0.321069800562065
Gene386	1.35308915386175	1.34859449208555	1.38457209866717	1.30850085084041	1.3472785044645	1.48320700652782	1.31966017220254	1.38352894802393
Gene387	0.230511738293951	0.229742835667459	0.234866888636149	0.230743210438147	0.227699471355942	0.220729423295264	0.221934928931509	0.219625463325094
Gene388	0.174703360905539	0.1773215059182	1.86340501663314	0.178833072998805	0.182497343253243	1.62228348260006	0.170764869971586	0.162185769228793
Gene389	0.272730352539166	0.202083406621686	2.04375207645257	0.264905072600409	0.276819730895961	0.662256713713497	0.256886878962096	0.262350559189364
Gene390	0.301871495098233	0.295931524396656	1.08606196473934	0.291220517400972	0.289504798312678	0.285191194174746	0.294379550644854	0.28703831074736
Gene391	0.529636767714761	0.387034285593342	2.71528930319423	1.53039026821034	0.394908950715828	1.09526776299482	0.399329386837827	0.380535994084305
Gene392	0.197068681306156	0.210068818255334	0.202835270165173	0.210940408686839	0.2100971807899	0.202701124818633	0.217192265936418	0.207740945360273
Gene393	0.307936989625716	0.215616663851547	0.231409795902337	0.233492099147106	0.21451622835322	0.212745147832086	0.219207599602222	0.760612356287584
Gene394	2.1672737093192	0.368188682691461	0.370850798151821	0.368774120207645	4.1976906886102	0.377546341899561	0.346180546989373	0.357281913461709
Gene395	0.277493249256922	1.14152971200098	1.48702429857504	0.278455162927524	0.268424372005183	0.296038190244931	0.290620191772907	0.291743844210172
Gene396	0.172930573448821	1.84466384520626	0.172014400343265	0.783578606235023	1.29625882302375	2.59060615178928	0.16637206122503	1.8677981036243
Gene397	0.227750802292845	0.227849259663018	0.215431396065211	0.810311149374759	0.224477733269489	0.219381097829482	1.61696418781827	0.221600765383073
Gene398	0.110457254288953	0.136441053477161	2.02036691055282	0.138388947260638	0.141483137843599	1.25765913865042	0.536591029808095	0.142041237103727
Gene399	0.273288551288997	0.252850033404337	2.26154420171822	0.266215239672234	0.244923725407017	1.85908192994163	0.250395709296781	0.265482863219366
Gene400	2.1121897223878	0.198433013267887	0.193810828713081	0.194429534778468	0.390196922081476	0.775201517753949	0.1879550790934	2.11473151111518
Gene401	0.180500433974573	0.183206914816532	0.190450996560366	0.184818888710851	0.18609052853067	2.22254073109989	0.186909946688574	0.178344876733315
Gene402	0.335472760156459	0.345431058915699	0.313141187140597	0.241537050114399	2.75857891042939	0.322820510353898	0.319424684361407	0.335047782981489
Gene403	1.80319902550718	0.284280895921667	0.310116924653784	0.314704620756459	0.747744793631178	1.18660767497816	0.288675114798836	0.319506793445116
Gene404	0.167509067155215	0.173505065943086	0.164479705731904	0.162882690849731	0.160268777551482	0.169266014088363	2.16460979284317	0.172513530390075
Gene405	1.09370731620375	0.480085853789485	0.470340701701651	0.473579887680115	0.458929577970585	0.454230018048024	0.46026992138608	0.489548718098591
Gene406	0.367522021129941	0.358950700973794	0.368271077362422	0.378488327168345	0.671802701585395	0.378671990925482	0.403486421951389	0.364792654713429
Gene407	0.156690398999871	0.155978122275456	0.151207199926131	0.160442268014043	0.150265580610046	0.149321016905205	0.157137326382291	0.149483631935158
Gene408	0.244976638285529	0.247090405464079	0.239556851024413	0.246073951040809	0.251551797880742	0.259071618280955	0.238679060270999	0.23560158827906
Gene409	0.273316240609082	0.280260046453286	0.269510072221496	0.290656554426038	0.289944460379102	1.51254595522546	0.194091542453688	2.55485383427307
Gene410	0.183711722932171	0.183089607143871	0.183630029414023	0.180235391932906	0.187565499836038	1.99228797816654	0.177411617092883	0.18234966831202
Gene411	0.771740657289068	0.823078274646178	0.806332274524537	0.755543344252388	1.44123386351071	0.817058525553801	0.834921275790202	0.791244881970548
Gene412	0.362121872280292	0.373110335676498	3.28756046855741	0.367377433172659	0.366155107750826	0.359798813991838	0.361920316235422	0.35618565216273
Gene413	0.489314882520977	0.470486536836251	0.485090541599605	0.498336161211679	0.848492629823635	0.461815328467192	0.479210812056543	0.249712525318196
Gene414	0.283218223492316	0.279288332190715	0.263922348977001	0.343052390745551	0.290073212437112	0.282318163629339	0.272333182310314	0.278361988878303
Gene415	0.147830338864481	0.146700768847075	0.153308213450196	0.150106284935415	0.144718959997868	2.35949773865073	0.149387906809444	0.151126512523238
Gene416	1.94343933824261	0.242859465561339	1.20375190164937	0.249864637808788	0.246691107870876	0.241703771501259	0.254577910411643	0.2549796421573
Gene417	1.74252831169827	0.184235036866076	0.183223191141673	0.18511331353916	0.189872230654277	0.197326710025676	0.181534128941952	1.26061765177355
Gene418	0.879557165278535	0.922688523444909	2.44366067906022	0.85265251505037	0.88575419136992	0.858633732699415	1.76532819709309	0.814451169208127
Gene419	0.345635468687809	1.28058139961254	0.354371547594185	0.356414004397814	0.367171020314243	4.305153712151	0.346941783351745	0.33181456869651
Gene420	0.212570747465997	0.235863326559556	0.238941378012075	0.29012208167064	1.75009571859527	0.225516233952563	1.00171990840873	2.03733550120496
Gene421	0.187807310812752	0.195465415878322	0.198258101212916	0.192275307253262	0.187816313090557	0.110830835113385	0.190214148059883	2.08065149027189
Gene422	0.536166584325212	1.30127810624554	0.322549286575061	0.326750771664751	0.333277651045443	0.330836554266694	1.75069725125508	0.332424852033911
Gene423	0.188960098657514	0.183810340487279	0.183831145594867	0.192437873611704	0.173966635239041	0.187982773444549	0.179855167741775	0.183180702265197
Gene424	0.220649417988453	0.197427072805389	0.195869699854173	0.19702456066233	0.19811113271889	0.185863432823511	0.189226268556909	0.202065230637507
Gene425	1.24825193842308	0.308476940144561	0.434278980814061	0.462329225607134	0.422698772236429	0.468696667583594	0.453197614709038	0.444272492420643
Gene426	0.500632744360331	0.18427336935578	0.175836749122489	0.188746807993131	0.17920778748294	0.183613690621815	2.6192649888979	0.185375820338569
Gene427	0.242511565976426	3.31395821657306	0.235646340952199	1.58179397145551	0.240403504431056	0.231890081833293	0.228203195541815	0.235075771310717
Gene428	0.431033925490388	0.244276911553745	0.252568237452019	0.23724733273584	2.09834327888209	0.242654903563474	0.241846255442256	0.241979481005085
Gene429	0.232496284711444	0.221175277634267	0.219415568239472	0.217161461268066	0.225704893310979	0.234968999793744	0.207455308800322	0.216336592096491
Gene430	0.14771267258181	0.153678740162474	0.143323316545378	0.0755136518358215	0.137398719851314	0.14265863692338	0.141381773427735	0.150093659537687
Gene431	0.189339277347388	0.192465734579466	0.190581254568539	0.185458069865804	1.26576182538549	0.189273596391849	0.193379160446251	0.192110487112279
Gene432	0.125394125543156	0.119800160810195	0.120257985483556	0.125305040704526	0.638259476842528	0.12595914006212	1.23140420508391	1.62662742805979
Gene433	0.498321722639853	1.65629207893945	0.494087342473504	0.501504154195104	0.523022557826208	0.502218599650016	0.531406684262992	1.27957849442923
Gene434	0.284292832329915	0.291033818941037	0.280092028372245	0.284230132123516	0.28109348238574	0.308809667920679	0.295679544600093	0.284146312226238
Gene435	1.19116377210482	1.37042851699792	1.45066040281966	1.40721599900358	1.37123686434267	1.48532030621846	0.939253146074239	2.14923141511777
Gene436	0.33871631853645	0.340566727819174	0.32474505188657	0.341958603204369	0.358403641780764	0.592010105446351	0.255986849360711	0.336771453250043
Gene437	0.434856674957998	1.32277241676704	0.439038751722626	0.438896208176626	0.462661177538559	0.462086463215798	0.444444452126486	0.461015504498708
Gene438	0.240852742681048	0.229963088043362	0.227648802424287	0.241859157124425	0.247908703401781	0.20433017396819	0.243188407039901	1.65490760505397
Gene439	0.225384224215731	0.230905323206206	0.224249330695815	0.327056374653197	0.226410611077151	0.221350021153956	0.227185166132776	0.23021898371783
Gene440	1.98457720397415	1.33915620832093	1.42328251887048	1.99948513012714	1.33023881678752	1.38714150627266	1.3787520682065	1.51387478850121
Gene441	0.180059388852166	0.178007298154671	0.171776885445775	0.180124782826781	0.170670764765036	2.23446513508288	3.34218411469731	0.176018443648314
Gene442	0.448437479568112	0.784961404897429	0.435206351171278	0.438332887801682	0.422430978810446	0.452710641547882	0.437890017622544	0.44760857082228
Gene443	1.04521611619372	1.00167392216955	0.985771658291799	0.549195605741417	0.994209854657925	1.04240322559115	1.02029152906021	0.976439582540382
Gene444	0.222958994977224	0.221670264308071	0.2206138484376	0.227754274903567	1.83481109250943	0.604297755167253	0.218188726748678	0.217194287489528
Gene445	0.596268063858602	1.20278755796968	0.605732068542921	0.327573838668364	0.367300864619112	2.63943501436795	0.557909542775276	1.08207694806017
Gene446	0.235855911421205	1.05294287631163	1.84266555136733	0.241457718117147	0.234476812432412	0.995738773525824	0.233338437172606	0.313678564224635
Gene447	1.25112629148544	0.283663114211886	0.290246120878519	0.287349442559272	0.301737323686383	0.299233152768923	1.00129080845531	0.302291603145299
Gene448	0.182040016291579	0.185670926246735	0.192425715711644	0.190722564017141	0.180947945468218	0.19293999481928	0.860686768319633	0.452222273902531
Gene449	2.64117052205405	1.12900216119348	2.95526961527774	2.90649116459033	0.145808883467077	0.143418864812744	0.149085166985457	0.138584993645532
Gene450	0.377407011532415	0.392376515284447	0.397555851362955	2.16940634612002	1.76536709598837	0.396915217109928	0.396817728606683	2.08129921697559
Gene451	0.275100531567047	0.437111469959364	0.279687481186968	0.269184244846463	0.263677880191134	0.278354582325843	1.02837826793155	0.274370999979137
Gene452	0.480950155851849	0.485522610886413	0.478597336900512	1.17232248473938	2.30002967684029	0.469073675546932	2.50217590802994	0.457867920182944
Gene453	0.946188117090484	0.953091579320065	0.941970155090839	0.902535470236839	0.917825637240427	1.42182928613219	0.880288033729235	0.915684016094053
Gene454	0.18262641074584	0.179337353707555	0.18153162417366	2.52157950443125	0.167568742096515	0.18958412320823	0.174850832644372	0.177124168839199
Gene455	2.65006255775864	0.356419704927754	0.342850886584969	0.338422726974428	0.330603728969707	0.340887104741651	0.343956621535132	0.348872394735353
Gene456	0.720289331200255	0.730311119161319	0.726173121066947	0.749032769221382	0.750197579907638	0.742544041994415	0.723994972090388	0.716877360184089
Gene457	0.8992613669692	0.201178101271346	0.204355655350099	0.728611621564832	0.204766211985659	0.206052764234966	0.198834538642941	1.25253130868729
Gene458	0.865534784586122	0.160255640604211	0.170850208604539	0.153787059156923	0.36291806438907	1.55558385735594	0.163595782101553	0.15220184398472
Gene459	1.67410590628931	0.220213642025718	0.199221198740821	0.216824959228272	0.22533228375652	0.213278421743106	0.226333065979795	2.79078836961872
Gene460	0.405244827284665	0.412087834641866	2.72206936265808	0.600087524775717	0.393120797748977	0.408771742002196	0.40749051051429	0.395309278814906
Gene461	1.33555380612919	0.887952403594025	0.59156977846593	0.718300651838943	0.601881047862522	0.901095811604244	0.596238186477906	0.648513499587292
Gene462	1.45118868384923	0.343685552640163	0.342591472633809	0.353358139811477	2.01984735892399	0.670912489644599	0.346018052896503	0.493083062608221
Gene463	0.226810431375349	0.205179087010418	1.42931764233286	1.03130768444619	0.213225951774922	0.215949611910756	0.224496330021978	0.222812649510925
Gene464	0.168429863377399	0.163298068748871	0.160795599479146	2.69294639532099	0.230187643425115	0.153526654000729	0.156152399461488	0.162063625543251
Gene465	0.30614797880156	0.295989933811539	0.313730745369481	0.291733332521781	0.294200377400415	0.300927375272341	0.300670599603769	0.288930315709601
Gene466	0.365071272856909	0.370329867753121	0.378312798597468	0.38522365796762	0.350333040868377	0.386234475370349	0.37704869374335	0.37867074454949
Gene467	0.277812799176966	0.732344974391178	0.278338748846837	0.282430105081144	0.272917640701769	1.08683022795215	0.27041341585261	0.144811935896516
Gene468	0.15835054973592	0.157733462079378	1.94953519252703	0.160055718917716	0.16572638800037	0.161441714375792	0.167440710866853	0.161168587183144
Gene469	1.41862936258369	0.163132504838475	0.165188467162712	0.157835672934483	0.168389529102568	0.171728063085743	0.169224896384936	2.7604578977498
Gene470	0.642188621142761	0.669972268662777	0.649795345614182	0.648399021991593	1.52868901347722	0.651351477151799	0.566612456567908	0.645661961136029
Gene471	0.217871048168638	0.214138810393002	0.224528375696688	0.224770089811595	0.219153084274972	0.972120354961844	0.222647369923698	0.639017210490184
Gene472	0.527115684816865	0.51200787307373	0.501028495872442	0.495836963852263	0.503463376017044	0.519533029761913	0.523768890549906	0.501849509162092
Gene473	0.916332243809477	1.57495093638949	0.898483884726167	0.987028911565667	0.946608907384808	0.938983025829361	0.70324168724129	0.942685405582776
Gene474	0.349857492672803	0.360119911502155	0.354075262275394	0.345908991639849	0.918970130797254	0.338489130553509	1.37230192188652	0.345814019026087
Gene475	0.645923901845171	0.665486182202962	0.676594507858916	0.660845305603522	0.463037800257185	0.685474455285971	0.650523350634792	0.650706760154675
Gene476	0.301973415856974	0.310386573621105	2.5268113089788	0.299291373907724	0.321097365714699	0.301404219896081	0.303995057742945	0.303080967792745
Gene477	0.382178384768714	0.294897438028567	0.303752073485423	0.910160770261424	0.298836813660635	1.47265411328689	0.301409870505594	0.290519290539712
Gene478	0.450519567580805	0.235789326655484	0.447626829002971	2.57128403209743	0.450274190690678	0.453894029313156	1.013033017573	0.469588772937491
Gene479	0.168062973226338	0.166379541052644	0.168528520383925	2.59110807003658	0.171952021088808	1.23320574612871	0.166975615442276	0.165703833964058
Gene480	0.68168412659222	1.57220734978419	0.741285958130564	1.02687264061478	0.705285449874688	0.720626691900127	0.512553535622832	0.728929404462862
Gene481	0.240889616935337	0.244383453440368	0.239754895670571	0.246837140008557	0.235634708202324	0.24760154221902	0.233564707288939	0.245968331753183
Gene482	0.277187281805724	0.286189332342068	2.37543757894726	0.272572817382369	0.277298296315255	0.283673774991792	0.277863476780882	0.26475454510865
Gene483	0.157970251234974	0.17308971177105	0.158743549598902	0.163564244580356	0.442487164564578	0.169936206193722	2.41677445256255	0.160391064202937
Gene484	0.207558929399561	0.221757519112538	0.208278868972227	0.226918172083519	0.223431262915609	0.222129494412007	0.612451194020083	0.213001906031362
Gene485	0.814335879891051	0.417086467833307	0.412276143595007	0.412784345071399	0.414746580313441	0.405867644457428	0.404646543715035	0.4031281069588
Gene486	0.169320271519482	0.16326579855769	0.164957074332212	1.48298703121427	1.94341009614642	2.87958156093077	0.167730020992765	0.175880051115673
Gene487	0.242359115591345	0.241665142045494	1.61960962618331	0.2560690380574	0.244059088221154	0.235688811712311	1.95053466221427	0.245313892516151
Gene488	2.30295005990053	0.247655188963356	0.248049850016351	0.257098299912573	0.935017863346839	0.253271036750041	0.250255011288375	0.235180649973829
Gene489	1.44674803144928	0.453894505341068	0.473130188711133	0.479500165347347	0.495896030115425	0.469388274421235	0.470139278611735	0.459510461072704
Gene490	0.39326693367476	0.430235972380569	1.11016777986583	0.442431492715285	0.42241294579654	0.438351186370302	1.41751486068953	0.431811601490667
Gene491	0.251783873613822	0.261760467260922	0.262054643440562	0.25653847507888	0.261257677942699	0.264008044120327	0.266154435331916	0.252719311756842
Gene492	0.201761734588366	0.199782102908102	0.188105256018747	0.202437207285651	0.203660154665358	0.203957201299761	0.212973547882444	0.795470350049296
Gene493	0.253394794982819	0.241138413167317	0.241754655263814	2.08696990159481	0.228749160963344	0.250913935426254	0.258775060429549	0.245576905780346
Gene494	0.147323846163215	0.142098653917676	0.146900268300264	3.58958805654343	0.152765571703897	0.144349443131199	1.64251447948905	0.496207580110477
Gene495	1.12810696884036	0.180599191971889	0.179322086236211	0.177584983808848	0.176025147666141	0.175475632989737	2.47100551180128	0.184224203362669
Gene496	0.284828964249776	0.287839209639395	0.282058878238671	2.68172660236117	2.72389952200932	0.293177803202845	0.285445563425143	0.27822421383796
Gene497	0.307067941506445	0.306368402518091	0.311482752531673	0.327166475933911	0.303113075215743	0.31346416817197	1.22033833616066	0.317935051112396
Gene498	2.3975480652368	2.40619981472376	3.10595843418703	2.5986979989941	2.42125501897908	2.3846890612115	2.58108873931026	2.53040618656639
Gene499	0.235283428684621	0.223766535717118	0.219815255132156	0.220751550238518	2.06852517163822	1.58561203617409	0.218655669863253	0.234285747914032
Gene500	0.771431596263746	0.779700783416062	0.779458704085434	0.825989490658728	0.781067399034706	0.789209070216545	0.788497841801057	0.753160578734626
