samples	Neutrophils	Lymphocytes	Monocytes	T cells	T cells CD8	T cells CD4	B cells	NK cells
W070517001156	0.796	0.105	0.099	0.066	0.015	0.041	0.010	0.021
W070517001157	0.660	0.259	0.081	0.193	0.048	0.147	0.039	0.031
W070517001159	0.770	0.148	0.082	0.044	0.008	0.035	0.052	0.058
W070517001160	0.650	0.244	0.106	0.210	0.032	0.190	0.024	0.025
W070517001161	0.537	0.281	0.183	0.223	0.142	0.072	0.032	0.070
W070517001162	0.489	0.433	0.078	0.280	0.082	0.193	0.059	0.100
W070517102034	0.615	0.321	0.064	0.202	0.057	0.146	0.069	0.027
W070517102035	0.776	0.148	0.077	0.118	0.040	0.066	0.030	0.015
W070517102036	0.600	0.283	0.118	0.191	0.077	0.107	0.054	0.038
W070517102037	0.460	0.450	0.090	0.267	0.116	0.156	0.115	0.069
W070517102038	0.598	0.326	0.076	0.207	0.057	0.156	0.082	0.037
W070517102051	0.692	0.169	0.138	0.099	0.032	0.073	0.028	0.057
